0,NaN,68.03488273
0,NaN,68.021234453
1,1.0,66.999725848
1,1.1417624521072798,67.394899471
201,1.0051214122619387,118.168513164
410,1.0060952817057764,187.557925592
413,1.0040334920752991,150.126586767
0,NaN,22.798056793
1,1.1417624521072798,69.372846722
1,1.1417624521072798,68.154860909
485,1.0676947333953224,85.13120398
485,1.0676947333953224,81.936019308
485,1.0676947333953224,83.796294967
485,1.0676947333953224,85.184306055
319,0.8897209870305358,43.236910462
295,1.26698466055908,140.826928735
