**************************** Variate BW in Complet graph 500 slices l=3  N=5
- bw -15
500,1.1205487334936912,302.698134861
500,1.1249461097136153,298.960713512
500,1.1254407298342914,301.902182182
499,1.1230502825017799,300.621326929
500,1.1281522794056698,300.450269798
500,1.1243377620664068,299.316645811
500,1.1228995028823676,300.328715511
500,1.1199525354388802,299.290489403
500,1.117932282496058,300.30215263
500,1.1284823765617205,299.361295563
- bw -20
500,1.1321451600437387,296.400845452
500,1.1333439735858313,293.782607916
500,1.1408699886097298,295.040124853
500,1.1265409519669525,293.484462742
500,1.1262402030138186,296.928017832
500,1.1381787417896798,296.853003067
500,1.1326681667044665,293.804827516
500,1.1350833230207815,292.569071807
500,1.1368445758252346,294.219634181
500,1.1291121563075273,294.791616036
- bw -25
500,1.1537161039563533,291.05808583
500,1.1561552239116513,291.189872575
500,1.1468310684773175,295.825531729
500,1.1528577019079758,291.982717461
500,1.1575392478125135,291.578711523
500,1.1546446264708468,294.041339006
500,1.1484020995079065,294.07961523
500,1.1547621147647145,294.094490545
500,1.156666018240478,295.03483512
500,1.157397405089225,290.794693254
- bw -30
500,1.1674656134911914,283.287990269
500,1.1673146964829357,282.999722086
500,1.1694651614835703,287.221657863
500,1.1652297260981794,282.065440482
500,1.1702666995156783,282.847878636
500,1.164359138563005,284.984759007
500,1.1586474307454842,286.70196082
500,1.1797417304999045,286.003017417
500,1.1686637433322677,282.605486784
500,1.1614340154637721,287.041835099
- bw -35
499,1.1841851359443436,275.296825242
500,1.17807392091175,275.612388398
500,1.18701005930772,273.280350819
500,1.1835944662515197,274.481059295
500,1.1975246393122425,275.044920594
499,1.1825818548702385,273.076388581
500,1.1725262855676013,274.330214988
498,1.1879639252269314,273.936533231
499,1.1903841592394597,274.625057479
500,1.190359933235853,273.457444702
- bw -40
500,1.2059636569876213,267.019989602
499,1.2041008206414399,268.541637947
498,1.2105913806294841,266.673488565
498,1.201172454646246,266.741095513
500,1.1990837702704569,260.658449637
499,1.2096645958701655,266.150716451
498,1.202347968536999,264.331386925
500,1.2150033370629532,264.136586101
498,1.201502326932032,269.210086279
499,1.217691851112187,265.925613795
***************** Variate CPU 
- cpu -15
490,1.0964759067336567,278.654596463
488,1.0965624479723208,274.995323213
487,1.09079632536865,277.455562366
489,1.0962009586610257,276.996550919
490,1.093238075029028,276.710907018
489,1.0976018911282344,272.609386527
488,1.098609585059991,274.855938184
489,1.101899436045469,273.087612646
489,1.0973645025530503,274.189770943
487,1.094658991736502,274.73365496
- cpu -20
481,1.09112401252553,265.502335649
484,1.0942185850414836,264.514834742
481,1.092478621299563,266.002697485
484,1.0949913785785466,265.857077145
481,1.0922410049327462,263.575036501
482,1.0949459171892035,261.816015428
483,1.0961947076480048,266.111275
479,1.097231838531476,261.755680295
482,1.0983244710108604,264.019162077
481,1.0957087518561288,266.34952076
- cpu -25
467,1.0899357987581058,252.757760402
467,1.0935509068409202,252.319850193
468,1.0924628345089935,254.228998704
470,1.095144813990264,251.778663365
468,1.0940495676867934,253.811498755
466,1.09005562141378,251.798664493
468,1.0868589054188598,250.636017679
468,1.088854354326364,253.975637988
464,1.0891748346878272,251.43878286
465,1.0933691985203087,248.215112623
- cpu -30
427,1.0900194887648846,222.021189978
425,1.0837987018618187,227.057031662
419,1.0849358319495896,220.532732917
421,1.088787389876784,222.021045029
424,1.0858004344078869,222.741347806
426,1.0858386003279372,224.906480204
425,1.080887881499309,225.304439894
426,1.0874114466684663,225.486790143
421,1.085099520714772,222.530127224
426,1.0813744145555917,224.294827412
- cpu -35
390,1.078746511065549,206.463262323
393,1.0796885842424093,205.334479348
394,1.0855225804481368,207.263242291
395,1.081991712888816,205.976766934
387,1.0778597553717948,203.043831193
397,1.0825413256023464,206.498522313
387,1.0790867211118704,205.021034298
393,1.0795131693511244,206.553456521
392,1.0779185852933546,207.281068636
390,1.078155629339374,202.886608603
- cpu -40
314,1.0744081650645914,174.230672844
313,1.0720293720119893,170.714922214
312,1.0760231818278203,170.757314808
317,1.0770808583024456,177.044318921
316,1.0706426691766184,175.155938619
318,1.0714940933680215,175.193115722
313,1.076292994586102,172.444012945
317,1.073859445375684,173.49169902
318,1.0687834529688673,178.8731352
318,1.079685693641944,175.032515933
***************** Variate CPU
- ressources -15
491,1.1111695364007679,274.620081205
491,1.1110752728153286,272.337677582
491,1.115714144250997,269.128377878
491,1.1119760548713455,273.048533436
493,1.1122127406840412,273.128743803
492,1.1125906251210504,271.916688736
492,1.1092267374901983,272.82191839
493,1.1154981270450237,274.804670221
492,1.1199219269014822,274.083703091
492,1.1147425688440251,274.180480561
- ressources -20
477,1.11611177170326,243.80365604
472,1.1130088448383126,246.479483973
474,1.1124843963284003,247.474003187
477,1.1162362379235478,246.412513662
474,1.113557665959361,244.794288756
475,1.1146956792764946,243.6617859
474,1.1138240868013998,248.045246114
475,1.1110670741484123,244.008373692
477,1.1139007917964066,246.564757165
474,1.117395240671556,247.899503628
- ressources -25
460,1.1135037387992226,236.168729666
461,1.1169954321493678,229.915730929
457,1.117715257066917,230.858576302
460,1.1233647958921347,229.380894337
464,1.1115669693001957,232.563543598
462,1.1175591846405208,234.279061665
458,1.1220054688920897,229.164825539
458,1.1190221552779211,232.747507389
459,1.1179788578852228,231.322077055
459,1.1180381058811153,231.868320195
- ressources -30
414,1.109708608310637,209.696199095
418,1.115005175265719,202.741449008
415,1.116591433717082,203.376475465
416,1.1146109457650157,203.379291804
415,1.1234989777443136,202.835693465
416,1.110933578993919,202.797171615
417,1.117279565957034,206.785362558
413,1.1083619831501745,202.662111189
422,1.1125471271914322,204.260621781
415,1.1099058959407193,202.582332346
- ressources -35
383,1.1103964620393438,187.36282096
386,1.106362900775232,186.376652856
387,1.1123063751384208,189.581356957
376,1.1068458587445604,186.235138703
389,1.1183360061565661,188.909876468
383,1.1183132635240471,185.636902094
387,1.1141056716261883,190.53921761
388,1.1155618671603902,187.805895341
384,1.1065250780171796,189.329344726
378,1.1023702269058209,186.254391455
- ressources -40
284,1.1135796535059028,151.408345538
292,1.100250712043555,154.525710341
281,1.1024902246348858,149.358438148
283,1.1045215837694182,151.236142095
290,1.1099795725957846,152.297434376
295,1.1079153624581797,151.473826393
291,1.111877860991174,154.333347848
281,1.108424531347056,148.975807111
283,1.111315547766816,148.319480143
295,1.110709063713367,152.042073597
288,1.0965684757224121,85.43950474
291,1.0362522302161927,91.21222281
285,1.1024771290331274,143.329759147
