**************************** DL-ViNE 500 slices l=3  N=5
- lambda 0.02
268,1.4794792497387215,31.914109221
271,1.4905354313758559,32.251794138
269,1.472824415658969,31.738327757
268,1.4816888614241357,31.709084413
257,1.485323294497917,31.662005449
277,1.4617103514289613,31.795476031
275,1.4852955219829835,32.008662223
276,1.4746295739538555,32.442896863
283,1.4725971908717668,32.414211942
277,1.4793010411823875,32.879756619
- lambda 0.03
260,1.473295029335284,31.615228008
261,1.4732511587246242,31.488714124
257,1.4804132073125382,31.5574049
252,1.4768305689706271,31.236615534
255,1.493916903821835,31.530548971
261,1.482440446275578,31.257612215
261,1.4674341203926056,31.396439691
255,1.475518063593056,31.783447013
253,1.480591581910167,31.743183278
243,1.4753645948412475,31.685758842
- lambda 0.04
245,1.4782531066303481,30.244942248
247,1.5053769781943735,30.185917342
247,1.474883950829063,30.764195521
237,1.4863929341228,29.913441779
243,1.4834762208965973,30.995579617
245,1.4889245407864864,31.258417994
249,1.4774005771596408,30.740247456
244,1.486881669762664,30.735835146
248,1.4858657849631525,30.465633097
244,1.470546900988476,31.477635939
- lambda 0.045
235,1.4757336700176082,31.729078344
237,1.4678829779051177,30.19195662
234,1.4931004682206426,30.6915841
239,1.4930006773853255,30.179495693
237,1.481895828782641,30.656596324
238,1.477260793799436,31.153360452
240,1.478458037451534,31.494962809
250,1.4712522026858936,30.932667213
241,1.4866701632017714,31.521324533
237,1.4903813268031685,30.957967558
- lambda 0.05
223,1.4925321783953462,30.451979635
235,1.4855471947500156,30.797378263
230,1.4615540932263356,30.810592339
238,1.4628266444605327,30.206360599
238,1.4584161275390544,29.657295262
217,1.490340546490124,30.580339075
229,1.4632510627585296,30.501775082
233,1.4797155210967257,31.276559471
221,1.493799005101871,30.191042135
228,1.4825152330563505,30.874738215
- lambda 0.055
216,1.4837948660988636,30.829711667
224,1.4814046148201534,30.108918197
231,1.491357098207705,30.13163116
224,1.4829700785713664,30.232744018
217,1.4869830140005595,29.657449366
222,1.4954559308350457,29.674038114
222,1.486828717500366,28.712955736
234,1.4707628450184085,29.180565558
226,1.4751197552025903,28.474198344
219,1.4826557968104852,28.954736043
- lambda 0.06
213,1.4969473439811851,28.373224029
218,1.477722707789176,28.76251028
205,1.5088672929070615,28.799147936
211,1.4831161476005037,28.793083557
224,1.4760857205849196,28.563754685
223,1.464740800798119,28.79218448
220,1.4920716960385523,28.658848357
224,1.4935584108466688,27.942864376
216,1.4969872751549855,28.574012926
223,1.4902988650983082,28.233027316
- lambda 0.065
221,1.4789161177417396,28.585554376
212,1.4855509449760025,27.661824433
210,1.4939951533988802,28.215791332
227,1.4677619691734956,28.230887914
216,1.498357467144932,29.025969358
209,1.4985069251890797,28.424729296
216,1.481085970532497,27.971214483
213,1.473678532810024,27.920118882
214,1.4984797698685828,28.534342982
216,1.4927390192429129,27.864491267
- lambda 0.07
210,1.4767303645550447,27.468960199
209,1.4744596854565089,28.531612172
206,1.4957934513287912,27.660818233
221,1.4646377299671602,27.098122892
204,1.4792325266564945,27.967388761
205,1.4847132498017017,27.850008583
208,1.4822580848792155,28.080238778
204,1.4933425566758103,27.709174776
198,1.4909613647847066,27.573583432
205,1.5114228640160188,27.82403802
- lambda 0.075
203,1.4795633932140597,27.653265458
208,1.4806491710308813,27.123088708
202,1.478883922903896,27.175763139
201,1.4645940706250289,27.499238733
200,1.4671118110861554,27.615248516
193,1.4858188836130792,26.604118591
207,1.5010170972886157,27.782128268
210,1.4749766498982695,27.596755481
209,1.4791448964214762,26.886120073
204,1.4840863357977498,27.676014083
- lambda 0.08
200,1.4842207378132084,27.258391672
196,1.4819158120007359,27.500104337
186,1.4903937357216812,27.252450709
187,1.512882070687925,27.018134899
197,1.506670478385805,27.329384871
193,1.5001639688550623,26.817897265
193,1.4859454375100036,26.81151937
190,1.4836247801985565,26.490418506
195,1.494049562410436,26.93838123
192,1.4924555682259621,27.188736014
************************************************************
- ressources -5
241,1.4438933200056725,33.662959663
235,1.4665040457179777,33.764866645
229,1.4854518982969909,34.080119207
234,1.46359386125163,33.439963901
239,1.4599621488887295,33.966558487
234,1.460276666116721,33.800211967
237,1.453548282490619,34.373112717
249,1.4568915424265674,33.89033949
228,1.4722581401258261,34.136693233
247,1.4486890126612686,33.83160054
- ressources -10
220,1.4343013873613,34.189253336
200,1.467316201620803,34.286929545
212,1.4583054915649982,34.348168181
214,1.448432153640126,34.308442791
205,1.4461173371843696,34.51820204
215,1.4464965920788309,34.44982167
198,1.4629759122044415,34.714256071
210,1.4407701241114732,34.493415988
209,1.4332334684215342,34.456465598
205,1.442572704072084,34.305384628
- ressources -15
183,1.4249623205057091,34.678260619
179,1.4298400038083512,34.855093551
172,1.4450217314853686,35.417402962
184,1.4356657057975017,35.010289999
172,1.4332976248144638,34.893472094
175,1.4588152993406533,35.035261028
175,1.4242083774361174,34.887303869
180,1.416527827690809,35.445005104
183,1.4328592832700815,34.906854151
172,1.4573936459641017,35.099615587
- ressources -17
167,1.42277975367696,35.162363389
165,1.4113919222923639,35.080022889
168,1.4320238651872732,35.392056383
166,1.4029359861357682,35.326290325
167,1.4225816535665274,35.369404187
166,1.4262116927525608,35.33991087
164,1.405025367019532,34.89942894
160,1.4246345454108438,35.086944739
166,1.4225542073208022,35.333316589
163,1.422383128919997,35.042442086
- ressources -20
153,1.4150549231761531,35.222250394
153,1.4075039065279293,35.346733628
147,1.4126713420283084,35.431471607
143,1.4407234441998638,35.326407181
151,1.4169770412927307,34.929526606
147,1.440423050607872,35.692014643
142,1.414889296415183,35.533859452
149,1.394622050635134,35.233441235
145,1.40596599808276,35.615281994
145,1.4230848511355065,34.949315488
- ressources -22
132,1.4119114174500302,34.985897376
132,1.4117864254970525,35.339898073
133,1.396454408657166,35.253528793
132,1.4168443103079826,35.389323199
140,1.4090242400350013,35.397929791
136,1.409395154640087,34.718213034
132,1.415910463523785,35.479694369
129,1.406849811924067,35.434561119
140,1.3971033874705103,35.076552381
138,1.410381095606156,35.257362891
- ressources -25
121,1.3887135515213593,35.094970078
121,1.3946326777824136,35.247937543
116,1.4058682841125987,35.279372419
116,1.4180870713492746,35.076988497
120,1.4046918727815172,34.952406464
115,1.4284489036239343,35.577531993
111,1.38730476518112,35.079001183
119,1.3916388890975473,34.985764592
120,1.4056105069268257,35.293945283
123,1.3952689623811212,35.49333765
- ressources -27
109,1.3782968856617832,35.361902055
104,1.401274616389645,35.574595224
103,1.3811241682174544,35.621726375
108,1.3946324930231038,35.784040035
107,1.3901464620873818,35.394121282
119,1.396507565997009,35.293638184
108,1.3976720756485823,35.314222526
114,1.3843390807692777,35.021131578
108,1.4090764626361336,35.038906563
111,1.388843587414534,35.16141993
- ressources -30
107,1.3813587255234514,34.379115176
97,1.4123154901902206,34.978390013
96,1.4020915386121429,34.693681422
95,1.3777200951186594,35.13304071
90,1.4055622990631105,35.068993385
94,1.3878315368270688,35.074226009
92,1.379347551118449,35.064100054
94,1.402075286730195,35.146309622
100,1.3511420719294904,34.513958235
102,1.3895192920157768,35.201644443
************************************************************
- taille 1
221,1.4618395502647703,34.261513222
236,1.4642179200109882,34.671225528
214,1.4813371947688703,34.906837652
213,1.4799225766161377,34.652664611
215,1.4798320293095426,34.922105672
235,1.4626470755103114,34.850312313
211,1.4918193674748712,34.900997283
215,1.4742591429010605,34.328686028
214,1.4775305185665026,34.855293853
217,1.4826239671250487,34.744521784
- taille 2
153,1.47188809623562,37.198073396
155,1.4538343621545673,36.872464905
155,1.4764751248277967,36.969627589
155,1.4718436302204272,37.461035385
157,1.4631487708932622,37.312790138
156,1.4733219678178198,37.037964779
155,1.4735590416582964,37.528320191
158,1.4791322786217846,37.612668452
147,1.4830438827626287,38.04254465
156,1.4616969790998562,37.10768646
- taille 3
128,1.4445019149683131,40.269507605
126,1.44331658621656,39.944242996
127,1.4492651973390385,40.635974152
130,1.4402043793496908,40.001306359
123,1.4585788861502784,39.978998617
126,1.4378392652163,40.026399988
128,1.4369544714951206,39.827005238
125,1.44985106525701,40.260510669
116,1.419730359341345,39.781849671
125,1.4454847535706878,39.799284196
- taille 4
80,1.3701309402280857,44.499229076
81,1.374064165914327,44.188282457
79,1.35745972192962,43.911674219
82,1.3739923080759209,44.461164464
65,1.3945402067459192,44.439062055
76,1.3598086544011037,44.195814775
75,1.3544323955858162,44.206010927
77,1.39174312311721,44.254500538
81,1.3449086766300582,44.376500277
77,1.3655204467115842,44.072181025
- taille 5
40,1.399500375416832,48.320941083
45,1.4241421150641038,47.619841201
41,1.3935134270266816,47.547190333
42,1.4789791533093333,47.534902666
35,1.4969838097093515,48.005142961
45,1.4469546998255993,48.119040547
41,1.3847424488335807,47.693944937
43,1.4202351829015505,48.083967217
39,1.4272370105238443,47.97546732
44,1.4255394256593348,47.762331025
- taille 6
25,1.3604348357690628,51.114009932
36,1.3682894495908382,51.127948235
37,1.3506778826043215,51.049419129
29,1.38117671323977,50.797582101
30,1.3719415970892386,51.333498261
32,1.3153225880267183,51.248295031
42,1.3494380048130452,51.270662437
31,1.3209026977513,51.408694944
30,1.3302437573666084,51.676184268
30,1.3477045628945958,51.617314801
- taille 7
14,1.305450501029785,55.51819185
15,1.2756998215177715,55.542529453
13,1.233867764128829,56.103641078
13,1.3652982053372509,55.688667616
19,1.395228295941924,55.62041482
13,1.3500945668339832,55.433510251
11,1.2745391249011127,55.731561212
11,1.3532111033208991,56.025411281
13,1.286356067886768,55.677204424
9,1.323268912114293,55.743147702
- taille 8
10,1.361467108418343,62.103332928
7,1.3824230756458944,61.935527906
5,1.5031678532513986,62.426373921
12,1.347434665650028,61.878695032
3,1.2758031818836841,62.064621961
7,1.40373050023049,62.108212307
7,1.3805792291654269,62.449253423
6,1.3595479295852508,62.162440434
3,1.4634395193024465,62.472405758
8,1.2216459376694704,62.273826259
- taille 9
1,1.3539445628997868,67.933924833
1,1.2183333333333333,67.286161096
1,1.3054662379421222,67.789966172
3,1.1811071548020655,67.326522055
1,1.296903460837887,66.962908513
3,1.377831168845354,67.207147075
1,1.2593144560357674,67.343921652
3,1.094092597712839,67.058247763
1,1.475,67.644362696
0,NaN,66.742017507
- taille 10
1,1.337797619047619,73.751541153
0,NaN,73.181043024
0,NaN,73.459882132
0,NaN,73.774038526
1,1.2976539589442815,74.169560725
0,NaN,73.979935403
0,NaN,75.750590578
0,NaN,75.903144946
0,NaN,76.215983431
1,1.2179700499168054,76.816822018
************************************************************
- physical 50_0
188,1.5005223470847935,19.836512573
201,1.4818245058494544,20.522403075
203,1.5100020875728999,20.649506523
194,1.5180982084326808,20.374281974
209,1.4892463503530786,20.655437731
201,1.4790151444865802,20.60118335
202,1.4919742878052686,20.300074118
197,1.506798255054766,20.214597871
203,1.4951499454208077,20.302687154
195,1.5151686843463466,20.568953806
- physical 50_1
187,1.4784427724655762,20.828177045
198,1.4915122595864294,20.577028833
193,1.472181826451768,20.63758721
190,1.4856764022358897,20.945396975
187,1.4885853796302257,20.63319435
190,1.4814544249922168,20.421893176
197,1.4766391013718014,20.381239168
182,1.5018530872231466,21.242086257
185,1.4751642088951733,20.452961931
194,1.4691426645761088,20.641954428
- physical 50_2
189,1.521211957243894,19.298955291
189,1.5226193446365441,19.043111114
180,1.5412685491420657,19.572262491
179,1.5350222355039813,19.269045136
193,1.5381112378884298,19.311460653
190,1.5304966296593336,19.363399201
177,1.537562573542423,19.341384836
181,1.5449198343600845,19.023031086
186,1.5430828690899563,19.322628269
188,1.5480931780650753,19.776870247
- physical 50_3
175,1.5157165984970375,19.622216038
176,1.4877921889306718,19.2564764
176,1.5134944096420995,19.261388244
174,1.4974559243129197,18.955386659
177,1.517671889206977,19.549029651
176,1.5178223543499618,19.315567424
174,1.501833107805369,19.174035784
172,1.4909762578716996,19.249069384
174,1.5230753771867338,19.088739195
168,1.5192697438381517,19.344921737
- physical 50_4
193,1.5171034017690646,20.157464707
202,1.4986233267637803,19.913365392
195,1.5002201105279362,20.037001662
198,1.5000855383673515,19.583953598
195,1.4942783339861943,19.765616821
202,1.4876527853964072,19.60919147
191,1.506344288001402,19.732201987
199,1.4892332284511673,20.081527897
199,1.5016708645895607,19.917539639
199,1.492360819416492,20.031345061
- physical 50_5
194,1.5061865117520878,19.708025112
189,1.5141294256166502,19.779801105
175,1.5279308023175167,19.507379694
189,1.5128463328454038,19.579445445
191,1.493679688351492,19.768995554
189,1.5176417204139692,19.456258456
195,1.4867913970031894,19.812951076
191,1.5039822166640886,19.795846257
190,1.510656001112933,19.630217674
192,1.4923182875657535,19.646102244
- physical 50_6
191,1.481181976682837,21.447878657
195,1.485211462359858,21.110734418
192,1.480997669785128,21.264773275
190,1.4956262339822424,20.963065683
188,1.4604790057709551,21.620443812
188,1.4640718473855048,21.671705894
189,1.4938187887771204,21.693975822
199,1.467783274209227,22.000953971
187,1.4912243566749914,21.679127059
192,1.476215385053452,21.684545402
- physical 50_7
224,1.483878917178292,20.682182581
222,1.4985804487733843,20.487534867
225,1.499713072398193,20.678303126
215,1.5084532845719085,20.745793779
226,1.4741237214676597,20.622103441
216,1.5061316417161834,21.13957018
224,1.4838213159801434,21.120415062
218,1.483383666916241,20.803948202
221,1.499961337878865,20.790629223
219,1.5008380969039123,20.939935419
- physical 50_8
186,1.5023666650161804,19.513207079
171,1.5189616515541446,19.627014401
178,1.5360162885584314,19.548929462
175,1.5259311257020174,19.304198981
182,1.5208727181453396,19.746485533
177,1.5192402101439093,19.868371765
177,1.5162767150798917,19.861160949
178,1.5280474690172394,20.071697841
178,1.5247198376337334,19.852349019
177,1.513758666009053,19.679390161
- physical 50_9
204,1.5007572857262461,19.899051008
203,1.4992180084476237,19.788352707
194,1.5101680579008319,19.35830123
190,1.527198945169977,19.272809819
202,1.495493998918438,19.391659279
198,1.4985331887177902,19.269339924
199,1.4824723324541191,19.31167414
189,1.5085453678555354,19.471849271
185,1.500453063528898,19.684807237
187,1.522920107454063,19.897891439
- physical 60_0
167,1.497925959838082,27.030229352
170,1.4922615081807593,27.144615347
165,1.506046063121831,27.682368815
169,1.49483434318084,27.472921079
171,1.48176646034704,27.927329321
163,1.4969792752325677,26.840867486
164,1.4862415390219295,27.595556122
168,1.4976982709758877,27.735912308
167,1.486470657584415,27.688887197
173,1.4809737487992256,27.807105665
- physical 60_1
182,1.4860433618715325,28.521496035
186,1.4770505191721994,28.345944243
182,1.474809221648511,28.253330983
184,1.4783539432568629,29.17373455
182,1.4642786964774457,28.487664637
178,1.4943982550634805,28.687314466
178,1.473332801743588,27.98873943
188,1.4767063033154126,28.46999831
175,1.4961598329550299,28.306492145
183,1.4855962478156715,28.374458474
- physical 60_2
175,1.4927847990783796,26.585455123
165,1.48191730712258,26.06588917
160,1.4888292716882963,26.109015204
163,1.4804129335462244,25.800754719
161,1.5025826049292794,25.582891777
164,1.4698196513624546,25.270319945
169,1.4905814419095174,26.049019426
156,1.4960060356847127,25.733804285
165,1.4930417087319479,25.272101124
156,1.4868525631547582,25.946983535
- physical 60_3
168,1.5196145567891637,24.760525282
167,1.5232282421158816,25.582063464
174,1.5148377796487675,25.270399451
163,1.5362883884871308,25.268674674
165,1.5164775660673808,25.25316031
167,1.5048206246889715,25.459808296
172,1.518536969864932,26.044220482
172,1.5098326241806144,28.075092131
171,1.5020967323522707,27.435877507
179,1.5165893928356822,28.195025969
- physical 60_4
147,1.4838015970009628,27.780108157
148,1.4936903054796777,27.803369601
139,1.4950545603615648,24.103747996
154,1.4962732239645726,23.221131089
143,1.5031573492138637,23.084905618
146,1.4808627891721124,22.975075308
149,1.4897457937839362,23.240593969
144,1.504485749209032,23.755972995
145,1.5048285880158063,23.268753123
139,1.5098461344237082,23.218950262
- physical 60_5
163,1.4645763131914846,23.848615008
146,1.477516089042834,23.983757267
153,1.4818727182652964,23.927597314
160,1.4660359522668494,24.183331245
160,1.4722709288125904,24.27620445
155,1.4717933893849022,24.548072013
157,1.4628999520140689,23.469349007
158,1.4811416049851687,23.744006891
157,1.4782349159216874,23.738637372
168,1.491845100489836,24.13377795
- physical 60_6
163,1.5219728422011543,22.162570127
158,1.5194261439068721,21.797965848
168,1.5277940767710758,21.80853588
160,1.5184695671014388,22.203245106
157,1.5202377395597553,21.897741667
163,1.508392320646768,22.121875934
159,1.5255305597842577,22.224257055
163,1.5276759942228448,21.817392142
166,1.5235326894403172,22.219426745
160,1.531234157241679,21.879213455
- physical 60_7
174,1.4714857606109826,24.117532453
165,1.5222866941556874,24.951807771
166,1.4793834406477475,24.223998442
171,1.4813418130672704,23.897810308
165,1.4937785023623926,24.331490706
166,1.4947878946848097,24.494125652
156,1.493409709598461,24.333011615
171,1.4752760444194495,24.344706278
164,1.4931895610515833,24.458878798
171,1.4786833359909308,24.738427579
- physical 60_8
158,1.477269673362695,26.001896263
158,1.4789530583148887,25.680216759
161,1.4892744534035975,25.222452747
159,1.4966401570095498,25.782971164
161,1.4894278593821904,25.244032035
163,1.482196807482157,25.481834659
155,1.4757907949104927,25.34082962
153,1.4989445475213667,25.647534174
161,1.4636583141932136,25.284821924
159,1.4564260848547645,25.183544121
- physical 60_9
148,1.4849620748558938,22.588820351
147,1.4978432369401193,22.229212737
152,1.4967243451526309,22.371224093
159,1.4919579430770435,22.123224877
156,1.489858474812576,21.871520094
159,1.487364422920449,22.874878209
149,1.4927868548797243,22.417525663
155,1.4895400259950335,22.117686991
156,1.4694330089346401,22.54613978
150,1.5073215255911203,22.559012292
- physical 70_0
150,1.4586969785365007,30.525935657
129,1.4977510339684086,31.324085058
133,1.4936657384585978,31.240870967
139,1.4912819002449624,30.879378592
143,1.4870162567491525,31.089733691
141,1.4941371726668757,31.33064331
136,1.5056935233615734,31.560031161
139,1.4748858935294904,30.226801774
141,1.5149779367319829,30.893547541
150,1.4729714551882445,30.929508258
- physical 70_1
123,1.4690456389928377,30.835027463
131,1.4695487257734547,30.180842323
129,1.4712065326809254,30.650452444
133,1.4667794900599633,30.751811152
128,1.4766451052238183,30.695422499
116,1.49421646991806,31.471362802
124,1.4828911363152395,31.11097112
122,1.4795838607530951,30.760205207
127,1.494601586252605,31.027168973
125,1.4781282779146125,30.663362819
- physical 70_2
137,1.4774610297301816,31.121102163
137,1.4880326773002224,31.373634609
141,1.479293454694913,31.805166316
141,1.473115972274807,30.933113477
149,1.481638648830711,31.332357451
146,1.473705595625726,32.185366295
139,1.471889303409007,31.323404264
144,1.4740045407720286,31.788469961
140,1.4819182623526248,31.625148407
146,1.472961954513401,30.899190844
- physical 70_3
120,1.500114974455765,33.227249283
124,1.4795610618983566,33.339583562
128,1.4854991599923528,33.135314403
119,1.4866970330531042,33.121909452
123,1.5006909284954304,32.83394513
116,1.4878836995359679,33.850725447
122,1.480143514851689,33.53610792
126,1.4660115601209167,32.854475604
128,1.4671714199240424,33.337044468
125,1.4752179954772142,33.18559489
- physical 70_4
117,1.5292365634635452,30.225282356
130,1.4928717414977926,30.336759343
116,1.5159221243479113,30.357064574
120,1.497674336016013,30.778993691
132,1.5221718505952602,30.325558209
126,1.4858699036750356,30.470633351
125,1.5168141393988501,30.939911603
128,1.5050350198088436,30.538194944
118,1.5079815309141573,30.396393862
124,1.4878038051940146,30.502832515
- physical 70_5
140,1.4761381977657955,32.433234165
138,1.4600240037080634,32.00099485
137,1.4722115515696514,32.647968335
130,1.4646648371596434,32.83205378
131,1.464922361682945,33.13703436
140,1.4828619874686908,32.711493406
145,1.4568434408226547,32.216331225
139,1.4440169689972187,32.720002768
132,1.4676700753518572,32.263215456
138,1.478420882439531,32.502224177
- physical 70_6
133,1.4450808933804375,31.475329166
140,1.4679561710740587,31.614705958
140,1.4676949719891736,32.124861201
144,1.5034367170624785,32.102841031
126,1.4935882858205052,31.365220574
136,1.4776665820434514,31.653767119
142,1.4769212709183113,31.742516975
147,1.4658109343351857,31.766023749
141,1.4560263724747826,31.902614009
139,1.4665085683545414,32.429455704
- physical 70_7
131,1.4908103704990159,33.042870696
133,1.4631106396140074,32.666707135
129,1.4798214289009515,32.210750014
136,1.4816943938761353,32.302959362
135,1.4655827892440703,32.709747981
137,1.465483746814257,32.253452007
146,1.4611806519859911,32.36104969
127,1.5004656518949127,32.89538561
130,1.4962233791267077,32.035663451
139,1.4779053106050528,32.431146605
- physical 70_8
164,1.4501096648517455,35.047787192
157,1.454764981110707,34.844230103
168,1.448423619176054,34.405571526
164,1.4578786627863671,34.320858175
165,1.4337757294069884,34.705286314
153,1.449307910823892,34.752448263
155,1.4595610810878568,34.366727135
158,1.4426639656710336,34.126276784
163,1.4734567758890178,34.268416623
165,1.4376607831102999,34.599748552
- physical 70_9
127,1.4859179302932362,31.470535295
134,1.477041230486922,31.230274544
128,1.4976677290001787,31.824119998
133,1.4783395773781507,31.564945477
139,1.4528360872667996,30.885735522
127,1.476254318647245,30.562241235
124,1.4889628139796014,31.360022425
124,1.4687633510535063,31.876922493
131,1.50755296996443,31.515464948
130,1.4695992933962558,32.063232275
- physical 80_0
115,1.4664783621655486,40.209237374
113,1.4473768554696282,39.779661516
116,1.4464870669888117,39.854130752
121,1.4464851762135835,40.40186736
119,1.4199017452780702,39.974143353
114,1.4712513465539256,40.5147913
110,1.484011041358326,40.494905074
114,1.4420810510406006,40.082597405
117,1.4295679523058271,40.355794103
116,1.431247851370602,40.048188393
- physical 80_1
110,1.437610487219503,38.272976261
97,1.461112523030663,37.859103362
98,1.483731782999694,37.803352084
104,1.4590660718111577,37.533689574
109,1.4848398926161268,38.211553419
105,1.4452827994330806,37.694876579
106,1.437993617708532,38.028599851
108,1.4689369675082338,37.600264969
120,1.450500227992379,37.512934077
103,1.454717170766609,37.644138185
- physical 80_2
117,1.4433023017629596,37.44025867
115,1.4507301381412943,37.413148337
110,1.4737071207004135,36.690280409
111,1.4761723890868435,37.697287484
112,1.4518856320907283,36.883558606
117,1.4584737634946079,36.883317252
109,1.4714824979376482,36.918541471
113,1.4815895719201595,36.983684003
109,1.4542313887239016,37.25203329
105,1.4729989646974158,37.54751072
- physical 80_3
102,1.4704119248816931,38.24419043
112,1.4573334983713682,38.030073428
118,1.4504256907962185,37.929970989
117,1.444602199741315,38.206764299
112,1.4385428347243285,37.954840622
110,1.443513698103528,37.359470766
103,1.4587268770530808,37.840462257
113,1.4330881397032815,38.417482909
121,1.43753715929328,37.932416901
112,1.4699111538107383,37.8419391
- physical 80_4
111,1.4709578531417988,40.037923389
118,1.433002811110052,39.048585472
124,1.4411422087759684,38.494510814
109,1.4741724938943888,40.285726813
121,1.4273897171069796,38.989840063
115,1.4483227107188001,38.957059639
118,1.454552191833247,39.079022614
115,1.44556720695609,39.318174609
116,1.4362506842541884,38.77350226
117,1.4506116741165103,39.099590666
- physical 80_5
122,1.4461872729205356,40.668081319
116,1.4432130754155348,40.012212573
115,1.4381479183109953,40.260439539
123,1.442014441972434,40.224592683
133,1.4102664577495085,39.190672774
132,1.4189604392960746,39.487197915
118,1.4407553258016288,39.844980084
117,1.4243522642968784,39.882992784
124,1.4280834545711778,40.037450261
129,1.4334256499004383,40.552682879
- physical 80_6
138,1.4060902987614756,42.542154086
126,1.425495002905293,42.729756692
146,1.424723664719199,42.134791355
130,1.430796029601409,41.795186624
134,1.4193995369206398,42.736111727
136,1.4232408784387645,41.834704775
128,1.4279760932388372,42.675627081
137,1.4255708639684275,42.195038973
134,1.423434027694223,42.847972091
132,1.4422645908468026,43.128862025
- physical 80_7
126,1.4471099050741387,39.62826781
121,1.4417153101991473,40.251952312
135,1.4210462277414813,39.408057843
127,1.4246386701560847,39.467357566
130,1.4257528880779304,39.61133268
135,1.445971298295203,39.633807832
129,1.4297989341602428,38.63613034
131,1.4251568610092462,39.640090429
130,1.438205064442659,39.459000348
137,1.4285390706842596,39.410347783
- physical 80_8
115,1.459756428881151,40.443144434
114,1.4547331199500682,40.065124941
105,1.4674377685596756,39.988578208
110,1.482222056523585,40.460557424
120,1.462432932102275,40.403461523
116,1.46273299595793,39.693445024
118,1.4642919471571338,40.271145118
117,1.4731120936608355,40.065082237
112,1.4436530883812555,40.16370352
120,1.44378840234805,40.055339635
- physical 80_9
116,1.4514911756180668,38.856475831
119,1.4690659241415294,38.72598054
114,1.4698928291646212,38.615608089
110,1.4791212362209147,38.979972459
115,1.4493089214697674,38.544925643
117,1.4662467642684869,38.678599676
107,1.4889481489302616,39.197307721
121,1.466579100244023,38.650403392
115,1.46152730664958,38.643881205
116,1.457982390431585,38.51157619
- physical 90_0
78,1.387946974181405,47.526309785
69,1.3776504739737547,47.865586345
70,1.3825255752112446,48.091095413
78,1.358524374213989,47.861028738
67,1.3776307598754325,47.67481142
74,1.370046757620989,47.313137742
71,1.3865454876362435,47.597644413
66,1.4076224859802096,48.438210829
66,1.4031901502892554,47.320782387
64,1.3637609490843394,47.881706299
- physical 90_1
71,1.3972616202148926,53.209403904
70,1.3683048894369958,53.712388666
76,1.3642783434872594,52.70876144
70,1.3771881804123591,53.105490617
65,1.392913768045509,53.469470237
73,1.3674590335802708,52.710213258
70,1.3977590882121917,52.703178796
79,1.355567477136195,52.794009904
68,1.3793332755163341,52.97985525
78,1.3537048692907034,53.017322441
- physical 90_2
57,1.3952232518712233,48.30061117
57,1.3555545550540942,49.010826368
58,1.3751538635329643,48.397816468
62,1.3666312254819442,48.493346208
60,1.3931832186003281,49.231264114
60,1.3752628880994053,48.037783821
56,1.3925740151116879,48.207232625
58,1.3990713957109429,48.016381567
66,1.3563821565791119,47.529803483
61,1.397182100828866,48.280721251
- physical 90_3
64,1.3685905497294448,49.780861183
75,1.372157373004093,49.66184977
72,1.376974783166893,50.260523967
77,1.3609787554984265,50.292155153
71,1.3461637663345327,49.46588801
62,1.3612703043449894,50.8798545
66,1.3613860300202125,49.535713546
66,1.3580575375419772,49.681997758
73,1.3703566059525172,49.527927088
74,1.3617577129576095,49.762710151
- physical 90_4
81,1.3741377977991065,50.14583423
70,1.3795351734799877,50.412767462
75,1.3617116202418549,49.627887989
77,1.3889414534748603,50.163537394
86,1.3553246707952558,50.37608314
75,1.3797393348280058,50.968723396
65,1.3759838481011497,50.644486495
75,1.359108735261784,50.645792169
73,1.3777663742300734,50.706521395
75,1.3548368500517054,50.309157056
- physical 90_5
68,1.421984247737548,46.871403803
75,1.3854186587183215,46.554925421
62,1.4072576132983325,46.368524741
70,1.4080495434245741,46.049938672
72,1.3982788800245511,46.347990688
65,1.3954107499233828,46.762445687
77,1.390956254394758,46.411510305
73,1.4073384863786564,46.011760209
70,1.39622358768588,46.48052871
67,1.3920052387832322,45.666642133
- physical 90_6
80,1.3869973370426352,50.432530005
78,1.376376726993547,50.368529411
85,1.3554445548495064,50.045331427
76,1.3987380654906103,50.636505128
77,1.3808581672829958,50.490480576
76,1.3762361064052946,49.792321829
77,1.3796218351922376,50.657180349
77,1.3833953703738981,50.468099626
76,1.3977372642786587,50.296943142
83,1.3898593608421521,50.21617968
- physical 90_7
81,1.3651232053671003,51.228652174
85,1.3887937463975597,50.846123921
79,1.3548690425501577,51.499759663
68,1.379073799732679,51.729546614
78,1.3801832423309186,51.946621732
79,1.367364535811424,51.915293037
78,1.3676334795348613,51.032037087
81,1.3822446544359337,51.125409065
76,1.3777082488790626,51.854847849
85,1.3711387688593408,51.772054588
- physical 90_8
82,1.3566513740054609,49.298079054
71,1.3890198852030256,49.308511585
79,1.359218954160089,49.138404965
70,1.4041976767249593,49.392268851
66,1.3761956699505387,49.347741263
69,1.385299685664996,48.901042261
70,1.3799123221850034,49.361460368
78,1.3821137314581753,49.08823089
73,1.3827133843815849,49.496994863
77,1.3698518900577485,49.19112391
- physical 90_9
74,1.3591041057491509,55.441781375
92,1.3460948562091608,54.329619051
71,1.3275840248309676,55.096989949
76,1.3655902290053168,55.039404005
80,1.3779979224927235,54.516724511
75,1.3708476171804107,54.218740917
77,1.3881116751792482,55.043111456
77,1.4046084510036514,54.893136494
74,1.3690257344174652,54.527512111
80,1.343955161848566,54.301741834
- physical 100_0
52,1.3614745211283923,67.694697994
56,1.3525835173960583,67.638023304
59,1.3521857413347649,66.572322983
53,1.3514307626411064,66.925386127
56,1.3835409961810274,67.189477657
55,1.3805847388456378,66.655911489
56,1.355960934750847,67.242594312
51,1.3710269725893152,66.08439339
51,1.3799805285198483,66.007383646
54,1.362918187814874,67.510661124
- physical 100_1
49,1.3728451846321652,69.111424826
49,1.3773307514884534,68.966569146
49,1.4125376008661972,69.935551713
41,1.388507830049371,69.25584269
49,1.3812474070656995,69.824428331
58,1.3993634055288073,69.394317301
51,1.3557097564750642,68.074659567
49,1.380960330752199,69.80351307
53,1.3773664333926854,68.752184874
51,1.4186081159190824,69.606990945
- physical 100_2
48,1.4362588609795692,65.598274899
42,1.42910233197863,65.422770987
49,1.422227690116107,66.099881357
41,1.4232253997534137,65.448331797
46,1.399026489816572,65.395949672
47,1.3981645712739972,65.332315693
41,1.4213931285377976,65.910606183
44,1.4387125588407956,65.315083556
54,1.4162017796265747,65.555197749
54,1.393641908697384,66.227802114
- physical 100_3
50,1.382614963246488,69.104447348
42,1.4369622304397105,68.875782957
47,1.4336371042028728,69.82736296
48,1.4675389055376291,69.627637008
50,1.4017354774828776,69.15269144
54,1.3628062017692086,69.56315312
44,1.4234732504119578,68.989444693
43,1.4184061364439975,70.624598249
49,1.3929761162972003,68.609641713
49,1.388230950939803,69.322750471
- physical 100_4
43,1.3893199029131953,62.947367582
40,1.4081970056417006,63.23708242
51,1.360717982441078,62.519166453
46,1.4347791742383105,63.311806602
51,1.4278155949854168,63.870282902
46,1.4193912855835393,63.43097217
48,1.4158255491772165,63.825427949
42,1.3948648249808444,63.060094106
45,1.4144434291063286,63.416065228
49,1.4185924381289508,63.866687423
- physical 100_5
48,1.4200923358649462,68.371711854
47,1.403337676814809,68.300855988
50,1.3685314655395384,68.529385394
44,1.4265681275965385,68.363025518
54,1.3929439436106348,67.877535177
44,1.3929747177640388,69.092366629
52,1.4048342037208363,67.898499276
48,1.4385343971615783,67.720602795
48,1.3899957461497616,68.122952856
47,1.3929827778816988,68.721833479
- physical 100_6
43,1.3930397852384293,63.619962355
50,1.4033254950892375,63.545378502
44,1.4156711118907659,63.956591226
45,1.4098740794901252,63.448758461
47,1.421655452221321,64.10114005
45,1.415185152985121,63.711562122
52,1.383830602483098,63.306795759
45,1.3775579409982806,64.132596938
42,1.4340230230587598,63.658905283
42,1.4029031960169784,63.16305788
- physical 100_7
51,1.4103008482548227,67.995901382
45,1.4297376998369609,68.229191384
40,1.4046170475169375,68.023583376
46,1.3984875354175563,68.082755609
38,1.3854164722429765,67.924715394
40,1.435756157497246,68.831388736
39,1.4383566676364445,68.231972288
41,1.4104386092061423,68.244648063
34,1.4532994582698096,68.807707964
41,1.3888784971931782,68.783274484
- physical 100_8
41,1.4056509834761046,61.468401549
40,1.4200663779624974,61.348987924
39,1.4257293572922216,61.98629745
40,1.4182731217365625,61.404936943
48,1.439161596414733,61.098233331
42,1.4323963630963992,61.053356409
38,1.4494082651602243,61.879092877
38,1.472230423894393,60.982574687
39,1.4438215253032514,61.920300845
39,1.423508649073196,61.442054989
- physical 100_9
44,1.4240877497593731,63.604015601
43,1.4440609825713462,63.521286048
35,1.444772194794577,63.253498244
36,1.4625271224608245,63.783154503
42,1.4518011870408867,64.573942573
43,1.4280449822611265,63.514261838
42,1.457738212592433,63.569470904
40,1.4484224678235393,63.676815413
44,1.4725552063809721,64.122875418
42,1.4376539266440407,63.524467816
