**************************** NEPA plus v2 500 slices l=3  N=5
- lambda 0.02
244,1.5039796672759698,36.089676048
253,1.464722858072376,36.675627115
246,1.4698601153278805,36.158554661
260,1.4780086203768588,35.875172217
255,1.470218450707678,36.233339537
247,1.461751467972595,36.068714998
265,1.4851129393791906,36.231164656
252,1.480937214208563,36.46064399
256,1.4432841598844568,36.803923603
257,1.4764240504110577,36.0890521
- lambda 0.03
240,1.5209284329649138,34.750768549
252,1.492465526397897,34.431835877
239,1.4904858097042362,34.709367598
246,1.4933329565798643,34.013485029
245,1.4627208947875223,34.485622704
238,1.4742549230818296,34.781521679
254,1.47286279472582,34.737248042
247,1.4695134502025442,34.358286693
253,1.4709606993731228,35.139766185
239,1.4931575752993167,33.989232557
- lambda 0.04
236,1.519396679752009,33.65042047
245,1.4802162243255,32.981258267
231,1.5017818191190853,33.249797489
231,1.485101670858547,32.26909244
236,1.4904648185003817,31.911723276
226,1.5023295762333746,32.25849569
235,1.4716988231712171,32.072845394
228,1.4695181310925598,32.014748251
242,1.4998449168590016,32.064179535
230,1.464501265095888,32.161649689
- lambda 0.045
233,1.4997372791117478,31.072601038
235,1.4722929817289714,32.053806185
238,1.4955996123516375,31.845744767
232,1.4880630888389061,32.084453015
224,1.4748987056252216,32.122743982
220,1.4653480553643856,31.211137035
226,1.5101668347424395,31.556538067
241,1.4870793499038129,31.526134501
230,1.4882391555647103,31.863301085
224,1.4784718071978478,32.254380727
- lambda 0.05
227,1.496018752955558,31.030547763
225,1.4884622531206249,31.491920505
226,1.4756850043872318,31.900154627
222,1.4934681462615835,31.508202146
220,1.4946377216655498,31.672828631
235,1.4592093696074857,30.629529261
219,1.502069282142205,31.288685992
228,1.4533985187239928,30.955983537
225,1.5002508480268486,31.791256532
227,1.4683947126747912,31.273695825
- lambda 0.055
224,1.498184350218498,30.559631671
223,1.485557897953012,31.657928798
218,1.507880388896075,30.275989182
223,1.5240580300505149,30.906220158
213,1.477303950024392,30.765199465
218,1.4819516122335432,30.469454135
214,1.491776999216971,31.116575747
227,1.5017647709780038,30.691699742
216,1.482797099335912,30.978400475
214,1.5035077664032397,30.562166791
- lambda 0.06
220,1.472512795842978,30.60545064
218,1.4710443719156883,30.562376123
217,1.4787432659294992,30.747001008
211,1.4901676671784954,30.481621104
221,1.5113633040028067,30.546109701
218,1.4987536124462533,30.632580297
220,1.4977046243341856,30.20754694
223,1.484834319495905,30.163034964
213,1.4918961862450402,30.097738286
203,1.5035985123725728,29.905211691
- lambda 0.065
216,1.4954761593477475,29.557225926
210,1.507450681549666,29.933142686
215,1.4971977521708928,29.522202689
204,1.50436948567395,30.088454891
202,1.5088941492006136,29.903357733
206,1.4915540522890978,29.615397137
208,1.5021751293993342,29.953031342
210,1.482368745802184,30.136250598
207,1.5081353069511105,29.920684293
209,1.4910909563765349,29.366595508
- lambda 0.07
214,1.4956271578085811,29.645438069
221,1.481358600492319,29.067960422
211,1.4879039265992728,28.838010243
205,1.4741274200401535,29.617896173
203,1.4980323103411162,29.220348494
209,1.4897048739014336,29.411109199
206,1.507540618361925,29.159769038
219,1.5080848740006443,29.343322592
200,1.5076434862553443,29.271417346
199,1.5133749893433084,29.401647767
- lambda 0.075
200,1.5211695943922772,28.775418055
204,1.4644682538277003,28.861123649
202,1.4941727583541726,29.350345186
201,1.5004771343729977,29.274161025
203,1.4698876349711454,29.188766544
201,1.4642933341756843,28.569384257
209,1.5049514883239417,28.771620352
200,1.4734671765895448,29.27147584
198,1.4684745870797902,29.42742696
196,1.501622330476508,29.37906966
- lambda 0.08
192,1.4944292736735487,28.23569271
185,1.523110728427008,28.335722154
191,1.5258396258835434,28.554197771
200,1.4725951468447456,28.215577121
203,1.4727483101332781,28.723954572
203,1.504143940722678,28.180318068
190,1.496306310020495,27.855681513
198,1.5181789070763105,29.039217425
193,1.4943001653710355,28.737438097
179,1.5242919171228695,28.489113563
************************************************************
- ressources -5
220,1.4490939188485805,34.796765852
215,1.442553337262861,35.51183224
237,1.4407478523042792,34.722577138
234,1.4544061248861944,35.270260434
216,1.4711307003258711,34.83920977
230,1.4712791569991208,34.403338998
212,1.4628382606118866,34.73238859
222,1.453229504643368,34.801424236
228,1.4602172363869854,34.945860663
227,1.455552044646379,35.146862832
- ressources -10
190,1.4245681485738448,35.018002576
191,1.4304726722698975,35.331320625
193,1.439127462475605,35.616172704
193,1.4494636498713818,35.23516443
188,1.4542526155646682,35.627198844
203,1.4408515359902838,34.841349728
200,1.418404606739437,35.835086743
196,1.4416689431287946,35.168041275
185,1.460151237413896,35.271666763
181,1.4369584587462472,35.208543187
- ressources -15
159,1.4287637436929745,35.614957521
155,1.4318480943854903,35.936927477
173,1.4241277424458616,35.956388607
162,1.439806187839286,35.837340062
162,1.4198470559821292,35.931690344
157,1.4202609085884752,35.91636726
152,1.4555758165493666,35.891364109
159,1.4359536289327823,35.93065151
165,1.4085937874787828,35.728532499
156,1.4253348010724742,35.638322718
- ressources -17
142,1.426307552421839,36.143814246
146,1.4356888095486708,36.17788313
153,1.4199684621477355,35.446609577
151,1.4617749053346611,35.567635556
151,1.4191672534836952,36.516812003
157,1.407723102758951,35.894758679
139,1.4328630650115401,35.999042447
155,1.4323675717629163,35.568873387
151,1.4253773444224176,35.996607224
167,1.4191003503592994,35.80369358
- ressources -20
138,1.4422565654349597,36.092518602
125,1.4451902701365231,36.087207118
133,1.4144687543741872,36.384552804
136,1.4332869345810832,36.127777445
128,1.406477040314699,36.143780601
134,1.4404479657399667,36.211823333
136,1.392840409874031,35.986708674
126,1.4302556040461234,36.151476347
132,1.4009098202136778,36.734056363
145,1.4303616923806888,35.821352884
- ressources -22
117,1.4649829538545083,36.369534819
118,1.437999825178959,36.369025422
123,1.4235215384384854,35.890317905
132,1.4352343145221327,35.880564863
126,1.3990011038800705,36.5372613
120,1.440443884728452,35.986090992
123,1.4329098817672772,35.994320467
128,1.4429563756453785,36.23675244
124,1.4292228667945226,36.18886588
121,1.435007798964924,36.167557217
- ressources -25
119,1.4272728139354496,35.697394818
116,1.4363696765324017,36.038231156
110,1.4019510979395782,36.314425382
109,1.4396567596609946,35.982058848
109,1.4202365627641842,36.804987172
118,1.4168045310650927,35.904991653
102,1.4385807710329634,35.661153408
111,1.447559324752312,35.65987586
108,1.43523889404902,36.09804886
111,1.4166298934332378,36.129504619
- ressources -27
91,1.380651307058085,35.689791771
101,1.4425166711078004,35.679799274
99,1.4198248549458965,36.257930422
107,1.4436104238279515,35.780930492
95,1.4077950515639983,36.11652713
103,1.408979565374187,35.854819581
94,1.4453657711784333,35.623280797
95,1.4660261295562096,35.458835723
96,1.4562365391429426,35.739264602
104,1.4095608852622885,35.547728979
- ressources -30
95,1.3896962006534217,35.394757259
85,1.4090356488129259,35.868922641
95,1.3888778174356897,35.520466027
85,1.407048039184863,36.075441179
87,1.3927831400235875,36.125150061
81,1.4160234614222358,35.57868018
84,1.4104477901751091,35.611135809
92,1.4231777208861698,35.710376238
90,1.444500327180063,36.029174055
87,1.3979706391943914,35.769121862
************************************************************
- taille 1
209,1.4482784787779026,35.432972067
213,1.44807736280563,35.175606197
195,1.4600395021551484,35.104290456
200,1.4845979099964908,35.352866364
212,1.4739443523351625,35.101986199
200,1.465673712474778,35.145757959
210,1.4533933119745708,35.433839365
209,1.4704517699339206,35.379449882
207,1.4511208491890395,35.077311336
196,1.4900094219628897,34.917448744
- taille 2
134,1.4674858157092043,37.829105221
127,1.4382197159214405,37.446630637
134,1.4294800357029398,38.248958611
127,1.47082673499036,37.796076899
136,1.455538548346706,37.745875601
140,1.439771393410256,37.494387042
139,1.4532971778128148,37.734402651
136,1.4783353038470322,37.663824188
146,1.4652739233271714,37.533295186
140,1.455949508672604,37.618357079
- taille 3
115,1.4192440124316057,39.989867292
123,1.413847282187134,40.624989559
114,1.4407230954426502,40.550715957
116,1.4167113019521336,40.423621206
118,1.437602757546927,40.679771359
128,1.4264786036915655,40.074779467
114,1.4415972194412487,40.345033215
114,1.4347894239373549,40.15688314
114,1.4073589178871457,40.147168926
122,1.4180338683725013,40.087198454
- taille 4
57,1.4009102008588437,44.891968087
77,1.3718241481277473,44.691273523
67,1.4351167231517536,44.704227499
67,1.4131965647602585,45.255294368
68,1.4299777155971818,44.674042965
68,1.4031428740496983,44.445662345
69,1.3705178456846978,44.715528346
75,1.3772282482185592,44.437147574
79,1.367057116119739,45.053736438
68,1.3905568224372846,44.801724148
- taille 5
38,1.3659511712782677,48.511932424
41,1.3857360747071283,47.807127586
37,1.4114289637161384,49.043833804
34,1.3580508158712927,48.602910608
39,1.4121588115474917,48.693986049
40,1.3364026742110653,48.254161251
31,1.4093636720923852,48.645524074
41,1.445051466357075,48.779027636
35,1.3685630304278675,48.451929981
37,1.3981573531236893,48.438460464
- taille 6
24,1.361694892394057,52.463598788
25,1.344504619467277,52.565260381
31,1.3338503858907205,51.872116048
23,1.3036233221590567,51.976071799
27,1.3167908322289268,52.498112648
31,1.3225158032868407,52.710265922
28,1.381338995193477,52.889934551
25,1.3662690376432096,52.001213638
30,1.3229894714964865,52.176130305
27,1.3029093868644088,52.369228525
- taille 7
14,1.3142631094038824,56.779319139
14,1.22710263420224,56.302180028
11,1.2845398256507143,56.838732932
16,1.341243522902589,56.73098511
10,1.3140855199414325,56.893152707
10,1.271223200571636,56.691683031
9,1.3099327778918213,56.669274871
16,1.2733966323505534,56.828584414
15,1.2597527435465081,57.03798779
14,1.3573525047434583,57.0428357
- taille 8
5,1.3510102833366724,63.939537315
8,1.3412700754717672,63.457180331
4,1.3673680297395565,63.581292767
8,1.2594578081581043,63.128280348
8,1.2554721379469356,63.001990077
7,1.3898566824851297,63.793646571
9,1.2994558301090955,64.2788727
8,1.2878731346556755,65.562237765
7,1.3121165870025226,65.708765504
3,1.320611107974819,65.769333048
- taille 9
0,NaN,69.89763308
2,1.3847657952069716,72.260980242
1,1.3054662379421222,72.768484344
3,1.1317309253159127,72.917159267
1,1.2099087353324642,71.829106249
0,NaN,71.781595917
0,NaN,71.858749772
2,1.1002112021627102,71.8308884
2,1.4497213232650126,72.297688274
1,1.7115384615384615,72.141248107
- taille 10
1,1.4092356687898089,79.344874763
1,1.177860696517413,79.803223868
0,NaN,78.945952918
1,1.2144886363636365,79.378670483
2,1.2509396555284789,79.23502796
0,NaN,78.820717106
1,1.1423401688781665,80.479894926
0,NaN,79.031963012
0,NaN,79.045644285
1,1.2139737991266375,80.242973186
************************************************************
- physical 50_0
207,1.504688695186624,22.17664472
208,1.5112363892239635,22.446513167
208,1.4950406132415328,22.049279565
203,1.498202168637898,22.113199301
216,1.4877233615355867,22.256656635
200,1.476988853432375,22.108165034
202,1.4886479652224174,21.97468925
199,1.513304092586479,22.564758397
209,1.4726432617217844,22.299095997
206,1.475142900628267,22.311817945
- physical 50_1
181,1.5015604852032498,22.535833352
180,1.4970616000778294,22.312115626
193,1.4948610517901906,22.653851094
186,1.472759404907261,22.198935541
184,1.4616573306946155,22.500208305
193,1.484607882837456,22.484594469
191,1.455566650690424,22.365429979
194,1.4695096962880856,22.141798621
185,1.4814583400169525,22.447966594
192,1.4710198375871786,22.658016515
- physical 50_2
185,1.5444664580552,21.081284733
186,1.5208482976732471,21.152629851
188,1.5363597357699454,21.226987465
191,1.5438222996834627,21.382805961
182,1.5070035288477641,21.342560543
188,1.5264696459989047,21.16134294
190,1.5237177449092751,21.504414681
184,1.5324288507996464,21.005681024
188,1.5374134842556784,21.218067144
184,1.5579112203449963,21.664210289
- physical 50_3
180,1.48121720177361,20.88046354
186,1.5217420209663506,21.265059103
169,1.4751361836299215,20.506744203
175,1.52739317906941,21.050181015
169,1.4887993632713976,20.870886749
180,1.451578795301873,20.835284818
177,1.4809957813745083,21.693658278
181,1.496059316612065,21.212805572
171,1.4957397788708033,21.062982115
176,1.4838268269536783,20.699885686
- physical 50_4
201,1.5121247743047446,21.718349326
205,1.4784223478426481,21.699480006
194,1.518214210736732,21.929445711
207,1.5051419525287673,21.608439219
200,1.5001631103005548,21.543498236
204,1.5128019844584486,21.78145823
201,1.4961086502038683,21.66139389
203,1.4888154510651757,21.75720582
190,1.4992091854372578,21.403852545
203,1.4779910973528518,21.425554959
- physical 50_5
193,1.5064919894874007,21.057843176
199,1.4788696015769072,21.43037518
185,1.489468499200066,21.34347856
183,1.5144433579209389,20.806960159
186,1.5045079693504508,21.484585459
185,1.5321491934257738,21.222129331
194,1.5060116260713405,21.435736805
196,1.5356919100842088,21.179099684
195,1.495081298145969,20.823785163
184,1.5220269440812702,21.007322528
- physical 50_6
185,1.4652879920223494,22.998688521
192,1.4401254118331075,23.032952543
189,1.4547502017574256,23.342879219
191,1.4596387603858734,23.259626079
196,1.4593510440640076,23.44297898
187,1.4625242017423261,22.847140686
186,1.4446063918774128,22.985714666
189,1.47761541584708,23.116638839
182,1.4676618651755537,22.799434966
185,1.4599225537136367,22.955799648
- physical 50_7
219,1.481435602402206,21.581297385
223,1.506867734555701,22.027376953
211,1.508109147369614,22.220311644
217,1.4756430737281696,21.980860744
222,1.5269417147015472,22.470667017
222,1.4847953769962279,22.082418544
210,1.4952709652698848,22.322227997
207,1.4723185682474156,24.298331121
219,1.5052613583698653,24.236918941
219,1.4908514676833846,24.432862795
- physical 50_8
175,1.5422534540967519,23.538848118
176,1.5158884326501563,23.46660512
172,1.4913675298508198,23.323294532
184,1.4825856329297817,19.239813843
173,1.5204466463150959,19.115402048
181,1.4885098816232822,19.091617794
177,1.5273941065413275,19.795842076
174,1.4901820126514813,19.242790205
175,1.5000748362531817,19.050720661
180,1.4932181052559832,19.122242342
- physical 50_9
197,1.4827065867275218,19.318693913
192,1.477428212292766,19.358821251
185,1.4914648019552441,19.078049278
184,1.473738334355001,19.309755601
183,1.4926017464110928,19.373415905
196,1.52014323332382,19.342575655
193,1.5105491654424554,19.552351511
198,1.4714506030356433,19.36403409
190,1.5132962216583792,19.694767123
191,1.4679916232124532,19.026150887
- physical 60_0
159,1.490733234011173,26.303759372
155,1.5032924025609289,25.890878295
155,1.4825387151571348,26.435657633
159,1.485416003064689,25.587045282
165,1.4727896361072552,25.762153606
160,1.477900966674188,26.727801096
161,1.4722411966915485,26.061972266
168,1.4636514735584207,26.453391379
171,1.4410220445634077,26.369227593
170,1.4995442435063326,26.043297773
- physical 60_1
179,1.444857511927308,26.777702792
173,1.4669028394946413,27.171937715
174,1.4735761299149548,27.24833419
175,1.4722127559846427,27.384529056
175,1.488700660423299,27.117759283
178,1.460922589953871,27.166089096
169,1.4625285932725784,27.193148163
172,1.4804158471272106,27.839148589
179,1.4615353476944388,27.137496771
160,1.4755201692173894,27.58432966
- physical 60_2
157,1.4428495777202617,24.11085143
159,1.475814705877663,24.371272752
159,1.4476752188897108,24.036008983
156,1.4780552452817652,24.583910953
162,1.5059907882989034,24.989710228
145,1.4821825334385386,24.397109015
154,1.4670096981714407,24.256441396
153,1.4964311962850745,24.998922126
155,1.496672155888338,24.861208025
167,1.4764859523863514,24.639648335
- physical 60_3
162,1.5194062023501707,24.352694585
169,1.5145654042080379,24.374048149
158,1.5023217794816133,24.187831133
161,1.5030116653061296,24.102888461
174,1.5048243010726836,24.358743845
167,1.508416708711993,24.485677801
174,1.5059223660153012,24.001842089
169,1.512881179398396,24.30449797
170,1.4918578239070757,24.46463813
167,1.4807050227248293,24.324691473
- physical 60_4
127,1.537245270645595,23.784744029
138,1.5056250103936237,24.094183931
139,1.4957091368551958,23.803018038
131,1.4936478072664272,23.97414679
140,1.505334917515415,24.015434673
139,1.461610805467048,23.987028328
142,1.4829629169482461,23.951983603
128,1.4765612574554512,24.296663196
139,1.473812933604391,24.016412993
134,1.5072340443234005,23.869613199
- physical 60_5
159,1.4250464393172706,24.991728972
151,1.4658767912650503,24.975553976
149,1.4523481334401733,24.886000159
152,1.466352525259338,25.534504344
143,1.4638222663505358,24.668850166
156,1.4566425034769097,24.706975042
145,1.4593227039401522,25.116508768
152,1.437621150637061,25.207619143
154,1.4574388928794157,24.608870759
150,1.4694543971105793,25.222206261
- physical 60_6
160,1.5226286236219193,23.325858356
156,1.5127031542048768,23.545334549
156,1.5171037803392344,22.944180107
149,1.5358290662455425,22.841766537
151,1.5235202448475642,22.907554079
155,1.5148012294253645,22.88688442
155,1.507500787997495,22.898134622
166,1.4991773250162128,22.781721108
164,1.5118719718343803,23.044424642
156,1.5342359730251631,23.242345263
- physical 60_7
161,1.4483987598128323,25.503496787
147,1.4520195759750294,25.066778052
158,1.4857449751206981,25.552100135
164,1.4203570649398654,25.658921111
165,1.464749059655805,25.28798646
162,1.443150861852721,25.360074335
169,1.482760280831808,25.768096935
167,1.4767709004391112,24.91741863
154,1.468462038361361,25.369301759
162,1.5068430223397251,25.592858156
- physical 60_8
144,1.474532491186177,26.584455904
149,1.4744103834667714,26.723550287
154,1.480588588042988,26.302847858
152,1.4513940982722895,26.231075645
140,1.4585336593663374,25.762931955
151,1.4685037184573744,26.052032207
153,1.450747005759909,26.421698026
152,1.4514011486908551,26.016985186
158,1.4533257951881244,26.232578437
154,1.4351679467802798,26.44039172
- physical 60_9
144,1.5112072334883908,23.139694901
141,1.5189683697118506,23.357766839
134,1.4748856861693316,23.063397067
153,1.4527764456662713,23.264798868
140,1.4872652130861514,23.246732631
150,1.4562620799451815,23.067134676
145,1.4709044009586552,23.220031141
151,1.4594256695725756,23.557191175
151,1.4702328521734578,23.402341892
144,1.4710570010659985,23.129443056
- physical 70_0
116,1.4875744341756247,31.629878525
111,1.4816449988977458,31.840254286
124,1.4972020592335662,31.923247668
122,1.5089316519127878,31.890144934
110,1.498565851020332,32.19191673
116,1.4938494081579086,32.037475213
119,1.5292954719750556,32.678013479
122,1.4818849677884631,31.926429303
116,1.4917910291266587,32.290862262
117,1.516364430784329,31.876327985
- physical 70_1
112,1.4660832054194992,30.961735055
104,1.4768707733822182,31.747552998
111,1.459150145481977,31.147842087
111,1.4842319991048345,31.693203665
107,1.53157007529125,31.225314124
120,1.4920733781976514,31.179850264
111,1.449544065591985,31.840714216
118,1.4572151701882146,31.62634193
113,1.4631651120677827,31.270663646
110,1.49430222440174,30.731822908
- physical 70_2
120,1.4868658917769062,32.140555261
124,1.4656438462125199,31.898543477
122,1.473477232273425,31.863079109
125,1.4842361113882423,31.70296161
124,1.5057126239624956,32.453995743
121,1.4816409669204427,31.9574218
123,1.4965970239810311,32.315611284
128,1.4849414203203837,32.284942721
131,1.4881393688352145,32.018068495
117,1.4860841906311586,31.814148308
- physical 70_3
106,1.47928050642434,34.729764132
115,1.468236436417845,33.930630626
110,1.4852898600031228,33.674372799
114,1.485188209000961,33.613947156
101,1.5051863091155262,33.865430223
104,1.506386549620314,33.978761063
113,1.4779133168221197,33.726693707
105,1.5507064869939347,34.405077389
103,1.5048971955963237,33.870801689
109,1.5122274833570144,33.645845276
- physical 70_4
110,1.5253207740262547,31.052829898
112,1.5142888093821505,31.170312601
111,1.51846396048355,31.217043245
110,1.5119015401678966,30.986722176
105,1.5236373068785583,31.171104102
112,1.4869591745990025,31.088565263
107,1.5361876808797446,31.154077451
113,1.4975940506440926,31.149003361
106,1.5480808523390626,31.032716742
107,1.5519063077729043,30.946912673
- physical 70_5
117,1.485558776188653,33.350123877
126,1.466889374014001,33.013680348
127,1.4410931068352621,33.411088754
120,1.4742939481093171,33.641013599
123,1.4557367413999576,33.02674673
126,1.4683737721630479,32.861436599
123,1.4953492060110543,33.211720253
123,1.493339464386015,33.137374092
130,1.4648089149836134,33.428612086
118,1.4600845397699187,32.961406529
- physical 70_6
123,1.48319644054373,32.461901824
123,1.4917765942501848,32.625475892
121,1.4749136932467468,32.974685232
117,1.4764252535071969,32.295474337
122,1.4470243279170878,32.307693249
120,1.4800606405164913,32.915732032
120,1.4628773943864568,32.485439308
121,1.4827942044626314,32.578920918
117,1.484270206475891,32.624082352
128,1.453657404066857,32.429684328
- physical 70_7
116,1.4717388433786522,33.233128535
111,1.4840999067300829,33.150180266
120,1.4935961575000403,32.588680006
117,1.4900532743785417,33.123147228
118,1.5054885891397793,33.415571637
119,1.486903016134863,32.925343223
115,1.5010834699699944,33.049842367
116,1.5040369606226682,32.936180061
109,1.4876420230493723,32.976089487
117,1.489049024179761,33.208079198
- physical 70_8
131,1.4622747133888219,35.871659827
141,1.4487160598304858,35.711993646
153,1.439549673432084,34.836110192
144,1.449175198388982,35.906506446
141,1.416301713089617,35.36102714
138,1.4592837759102242,34.89036541
147,1.4604709867577206,35.011526965
148,1.4716219967123043,35.340803885
140,1.3926294041144112,34.561909292
139,1.4608157978477272,35.21180716
- physical 70_9
109,1.4621227279597035,32.26067284
114,1.4604358754273916,32.122485763
110,1.4669951515860895,32.605248478
114,1.4487735027538349,32.106269427
113,1.4761737234047527,32.117391731
110,1.4877722254350803,32.739367308
118,1.455204223348833,32.616101877
115,1.4726660243932355,32.886313784
116,1.4508919149642148,31.84688205
106,1.464155316465092,32.108954497
- physical 80_0
105,1.4546681643192119,41.042735559
100,1.467497786957453,40.521687642
104,1.4248692332612352,39.577050405
103,1.4659016944154664,40.156446573
107,1.4343731155149257,40.207408665
113,1.4536970418815118,41.105265453
92,1.4018528318771641,40.526549983
106,1.4444564572529786,40.575578884
94,1.4231144576965997,39.906643421
98,1.45219214857491,40.350075526
- physical 80_1
104,1.4606962841031286,38.132843524
102,1.451787845646961,38.767363353
98,1.498650586372789,38.646320615
97,1.4814330494277628,38.363267797
94,1.4702385955031885,38.086957812
91,1.4947790526407283,38.25825706
94,1.4562686661809894,38.213690929
93,1.4520578533640591,39.152668209
102,1.4229898520142419,39.302179509
107,1.4531979643258424,38.044492291
- physical 80_2
95,1.446387934670471,37.379789346
108,1.462692683875382,37.456448844
107,1.462370915992724,37.66288158
87,1.495847921510082,37.870687141
103,1.4742816220096335,38.387792656
94,1.4426184118620562,37.917595635
95,1.466561493989455,37.741286016
95,1.4760753154458544,37.698529849
101,1.4538017211171148,37.620681149
98,1.422248673333205,37.434964789
- physical 80_3
103,1.437030452018167,38.469587948
110,1.4469565340903516,38.530046242
97,1.4371635662393791,38.443746744
103,1.4669387184236975,38.573494455
102,1.4197364497971348,38.698870012
111,1.4405454268555735,38.734395263
99,1.428296557188098,38.956233383
111,1.4682053816305352,38.387534752
102,1.4349004778860097,39.198205874
102,1.4275036121558569,38.811739702
- physical 80_4
105,1.4700350322122768,39.60377665
103,1.429620727054418,38.568149258
102,1.4233414435477176,39.452343623
103,1.4388361623564552,39.558987854
98,1.4198449831940858,40.344834833
101,1.4586907567384488,39.775158317
102,1.4561335031289282,39.001030675
103,1.473323532441686,39.62425135
103,1.458085654378008,39.439940624
105,1.4444733557968856,40.199354584
- physical 80_5
110,1.4201067486591081,39.783417985
105,1.4192883432912877,40.313065807
105,1.4064636686647998,39.757844614
118,1.438530646544926,40.449056311
108,1.44638984612237,40.802743557
115,1.437945656939622,39.794581103
107,1.3965916003568595,40.136861074
111,1.4390500007132738,39.941524953
101,1.4536333712626182,40.602341585
105,1.4563725600207422,41.133703222
- physical 80_6
116,1.417346987059957,41.536030768
118,1.4249104638936039,42.274300961
111,1.4293851805337272,43.435831066
120,1.442461132803525,42.670276349
124,1.4372427760611028,42.559680606
122,1.4366883528345458,42.087805006
120,1.4422146908649005,42.481754792
120,1.3959887028013918,41.409371018
120,1.4398264191713823,42.146017212
123,1.41170465342169,42.197008827
- physical 80_7
127,1.4025902871117315,39.634927924
117,1.4191348188551585,39.843924173
110,1.4349136675393799,39.454453151
110,1.4381605192999594,39.715832165
111,1.4150961667298727,39.649195366
124,1.4055680896832885,39.419165067
111,1.429323681709278,40.288959511
117,1.428385967620197,39.881998492
109,1.3917454226065507,39.07632753
111,1.4434049204828758,39.713515836
- physical 80_8
105,1.4705478620942047,39.890440007
106,1.4670418591322008,39.591928782
96,1.4660278682081127,39.547803816
101,1.4578655856788436,39.903473911
92,1.4846937909650482,40.537537729
98,1.4198663481155651,40.500455358
97,1.4388143180712538,39.845108263
100,1.4647429571029889,40.321497265
103,1.4694757554742277,40.176610687
100,1.4630265388597326,40.060986514
- physical 80_9
95,1.4594618237080468,38.663358841
96,1.4595065786034063,39.082004711
106,1.447742743170922,38.460074472
117,1.4446015579516582,38.77934922
101,1.463725524465756,38.540766751
108,1.447936936707454,38.7419021
106,1.4739625528605649,38.412979572
100,1.4655862808950655,39.254480696
101,1.497431047336622,38.792366489
103,1.4586649193801802,38.745645516
- physical 90_0
54,1.3827769543660413,48.445272545
68,1.3958945437518595,48.631684648
54,1.4187079709606198,48.08832545
64,1.4565282519883145,48.236699197
58,1.3762332895543938,47.752619856
61,1.3897364202817735,48.088019208
63,1.377649338808947,48.162530682
59,1.4330095932504425,48.237465721
68,1.4163439660919064,48.263856478
66,1.3809034371276478,47.674932089
- physical 90_1
69,1.4222842354959955,53.152260035
67,1.352664576370168,53.214571905
58,1.367036232304817,53.464191462
60,1.3739300161930421,52.978716551
65,1.425725157465632,53.662548599
69,1.3842791201970919,53.474530599
63,1.3677616101401573,53.557202058
58,1.4034364648253281,53.39325739
72,1.3768841542199668,53.042490599
59,1.3861260353499005,53.135212661
- physical 90_2
59,1.4371041638612831,49.448738716
54,1.3913389458323464,48.619531331
52,1.4056346497850307,49.235432359
57,1.3835509499338599,48.453623489
59,1.4026853723580934,48.074178774
59,1.3799244429735178,49.192679665
49,1.4171878823306618,49.002821486
55,1.4322154507105718,48.934474895
53,1.3941855156277332,48.885841239
55,1.404814261124032,49.413230522
- physical 90_3
65,1.371696590922229,49.780508834
62,1.4444134762644671,49.733956048
58,1.3896938911138224,49.842326378
65,1.4347649628455523,49.815937291
56,1.354448380654987,50.449896991
61,1.3890765385583375,50.040941028
58,1.4102713348344025,49.42396124
70,1.4465491221459994,49.576406249
63,1.4200374189525966,50.655016444
62,1.3987678178600007,49.997274492
- physical 90_4
71,1.3911795555382722,49.919242095
68,1.4141747683075574,50.107048172
65,1.3769761026742144,50.835734915
62,1.4128923331667889,51.223268112
76,1.3881853447937553,50.772257134
60,1.4156894063006351,50.937604916
63,1.4331008362414328,50.450023312
60,1.3589348201231464,50.078775837
78,1.4044976753614058,50.177636679
73,1.3742745087228674,50.296316043
- physical 90_5
68,1.3683233424504033,47.747327273
68,1.4096897444997354,46.747474795
59,1.3793724552670983,46.564677544
70,1.3699375369350684,46.506974764
72,1.4373752048227821,47.032624881
64,1.4450735784517093,46.822809689
65,1.3905230961142672,47.621531091
70,1.4142058503117552,47.026314483
57,1.375236276262798,46.903797923
64,1.4196756614589583,47.402517656
- physical 90_6
69,1.3701684744968703,51.417254269
71,1.3969972878263388,50.111147148
74,1.3887614247253228,50.525761715
71,1.3547108675286368,50.139574897
72,1.4131246726264657,51.411833011
67,1.408045739865014,50.369878304
73,1.36415440925486,50.552535509
70,1.4042442380354403,50.349443998
63,1.3581725515690546,49.508490625
64,1.3543983437113496,50.116613284
- physical 90_7
73,1.376695202619419,51.514338499
77,1.3716274820378105,51.034265694
65,1.3773868759012018,51.70224625
61,1.3953623874396945,51.434471357
67,1.3943551652903874,50.997213867
69,1.3853495740665853,52.051535387
71,1.3445224912055365,51.553462572
76,1.3815655753862455,52.043491717
68,1.4086384220957788,51.127625075
61,1.3573499192842402,52.373642786
- physical 90_8
67,1.3774467891567574,49.19023826
68,1.40449555162583,49.685192998
63,1.4174732364049392,49.040981861
69,1.413884812983728,49.562236621
70,1.46254700641684,49.447672197
64,1.358390946093915,48.760353161
62,1.4128674744573069,49.769532818
68,1.413005822845788,49.741937451
61,1.386276268439084,49.675907697
64,1.4220144414644968,49.452208995
- physical 90_9
73,1.4255690877241465,54.399248421
68,1.4197798052519952,55.497962988
70,1.345421124425499,54.544072021
67,1.3789982888223635,54.166196825
70,1.3861519817986216,54.065454651
62,1.3804843183044948,54.560587027
69,1.3798054707069267,54.841340521
64,1.389132340754304,54.330439595
66,1.4016823060131902,54.598647536
67,1.3701822471815959,55.046925998
- physical 100_0
41,1.325768301359623,66.137096987
37,1.31462565497719,66.933582678
41,1.3546661172422583,67.597553779
42,1.3265575056303436,65.663056045
41,1.3309175923507526,66.865118858
41,1.326262001224713,66.371326978
44,1.3393748934358178,67.535496506
36,1.333614353426201,67.676625041
43,1.3321007304675851,66.663347112
38,1.3469430382552765,67.18414439
- physical 100_1
36,1.3571882537504445,67.787577576
37,1.346805517969329,68.796898754
33,1.3909786750509767,69.646062861
33,1.389421561887663,70.247618922
39,1.427943929471492,68.932944648
38,1.3834527924111293,69.376714087
36,1.396951728468676,70.069664296
36,1.3625492983390852,68.776974632
34,1.4042730862035129,68.958440669
38,1.3731342325661293,68.647499714
- physical 100_2
32,1.411185267231422,65.510389613
32,1.3354920835240773,65.045398295
35,1.3529241137077441,65.411825383
31,1.4528896305932204,66.737991134
32,1.3102437406551743,65.76921208
34,1.3416309822049932,65.16572245
34,1.3632843521082822,66.174843992
31,1.3721161526737402,65.176827397
30,1.3602149790712477,66.165707628
34,1.3948933284196403,65.835008208
- physical 100_3
35,1.373954250928083,68.647877993
39,1.3946559562233214,68.99474075
38,1.4700750062401118,69.038616349
44,1.396647514718265,67.964360697
38,1.4494999074075647,69.739809322
36,1.383078830912812,68.722727424
39,1.3904066173952598,68.885055696
30,1.4685216375795374,68.899820991
40,1.4093689072192421,68.936318811
35,1.4503397511620415,69.336164885
- physical 100_4
27,1.4319321166547807,64.195077522
32,1.3225949759078877,64.014233139
33,1.425100141062353,63.94541242
32,1.400079482692858,63.661337144
32,1.417043858253118,64.150840031
38,1.4140968451128795,61.815086078
38,1.3673837056041067,63.405854928
37,1.4333771715283257,62.990696819
33,1.4011093872796856,64.332635829
34,1.3577523047768578,63.651300698
- physical 100_5
36,1.3660520593302228,66.885170038
43,1.405355631923041,67.11458875
37,1.3777353667232242,67.914888585
36,1.396488518339728,67.239762936
40,1.333590312787135,67.965985958
36,1.3470001638582076,68.183180076
33,1.3865756178589086,66.933513108
33,1.3940243176197735,68.386983835
35,1.4647293597669502,67.450380211
35,1.388271188318154,67.795329393
- physical 100_6
40,1.3905397615295547,62.333759858
33,1.3963921156853165,63.835903416
42,1.3924929189564565,63.608757171
38,1.3775151741891094,62.87837657
33,1.3922156727344128,64.080347439
39,1.3513912621811464,63.395189692
34,1.353302498934521,63.44743959
42,1.4060971734060945,63.377275535
32,1.3771459145767715,63.643067778
31,1.3829985622311933,64.074712412
- physical 100_7
37,1.343412869027936,67.741891288
35,1.36752616196123,68.295485915
32,1.3678035457187738,65.781533852
36,1.385593574185925,67.190007512
32,1.3475734010976264,66.019596871
32,1.3645949380624507,66.209605703
31,1.3399638531223685,65.592676586
28,1.4688920528153417,66.400100755
35,1.3470301436329084,65.943951667
29,1.3595476392284183,66.703227475
- physical 100_8
39,1.3979972518651702,60.342926794
36,1.4430250291905058,59.4690696
29,1.3447754115530386,60.453922205
34,1.3613419558378057,60.146567564
36,1.3904906627041411,59.5220663
34,1.3701560359277363,59.797279594
37,1.3887570869657173,60.509815855
32,1.40413743156457,60.015921105
27,1.4440430577385062,59.975007987
32,1.3987446800384633,59.468471378
- physical 100_9
31,1.479605628657031,62.064626223
29,1.4677695450275763,61.443336137
29,1.3618530491329282,61.683289652
30,1.4135510863120486,62.015246348
29,1.4493697162898171,62.653285453
32,1.3950693117537596,61.8812148
31,1.3848276710969993,62.432877627
25,1.4403475476802703,62.101097834
33,1.3780466974124652,61.880195447
33,1.412802920467142,61.292680564
