**************************** NEPA plus v2 500 slices graphe complet l=3  N=5
- lambda 0.02
500,1.107313999010347,285.701162158
500,1.0997748750885972,284.448651216
500,1.1069506717682973,283.653048741
500,1.1046974130928786,285.499892497
500,1.1056497407764965,283.311070614
500,1.104991463850357,284.16035225
500,1.100518590811761,286.018406811
500,1.1060152645564882,284.888408538
500,1.1016232168092661,283.936739911
500,1.098704824403112,282.884394301
- lambda 0.03
485,1.1041118173642406,248.807345572
489,1.1049906383970638,249.258310146
486,1.1075972092564998,249.203362983
488,1.1007099770978848,248.592588247
488,1.108509080868247,248.793408632
488,1.1100583382961913,249.036764275
485,1.1031793355167931,247.346959733
486,1.1055086422133125,247.833643334
486,1.1050646894604448,246.739591409
486,1.1095159900197529,247.649524627
- lambda 0.04
450,1.1068452557319697,210.468075173
450,1.103319632300917,211.745500046
449,1.107460763134653,211.657874672
443,1.1034394159346383,210.512753688
446,1.1021712999338065,211.456500757
446,1.1090074896049738,212.302603257
448,1.1056289219854927,212.123025792
441,1.1058057882344288,207.621295992
445,1.0997495544004388,210.778196523
450,1.10565016434518,212.254435248
- lambda 0.045
422,1.1066910067885765,195.698314632
426,1.1040573308594324,198.06345802
425,1.1099035597047777,199.853996729
422,1.0973194614878705,198.051533438
427,1.1007876100773752,197.878328416
427,1.1062601110380201,198.384188311
424,1.1029619927279481,199.458159038
428,1.1151079147958056,197.278586255
424,1.1034667524091606,197.684871206
427,1.1139484427442012,196.420096281
- lambda 0.05
404,1.1036394732422423,185.742655713
406,1.1016063944570047,187.223560697
406,1.1046119021235303,184.259587204
407,1.1029408112682382,186.968048122
398,1.108766550655892,182.047793058
393,1.107753020777886,182.203638403
396,1.1096542872491486,182.711904354
404,1.112890353295443,186.629404386
403,1.100160656155014,187.879714567
401,1.1013685463277274,185.814419644
- lambda 0.055
373,1.106907900448623,171.764858041
374,1.1043934520995828,172.970192451
376,1.1092118716281738,175.211796302
374,1.1054963557809432,172.244980655
376,1.102527325403816,172.584814895
376,1.1025380124493214,174.939715337
369,1.1069468813447,169.485661733
377,1.1025965365500325,175.646515357
375,1.101376044305822,175.686141145
377,1.1095004373699884,174.444127618
- lambda 0.06
345,1.101126430214347,161.191047534
353,1.1015490691157173,164.393569117
352,1.1060952833168276,163.658446849
348,1.1087085963786711,161.686863987
356,1.1089430407324037,164.429217253
350,1.1172321812633184,162.505326854
335,1.1043707442713306,156.93590759
353,1.1144627593373089,162.340287513
354,1.0956390845495945,164.91398701
352,1.1042472601904336,163.569969989
- lambda 0.065
323,1.0965386745742949,153.760300215
319,1.0998348277931296,154.480172066
317,1.0980043147347118,150.988046036
325,1.0955813783466706,154.626452514
321,1.1057299095965158,153.095854362
318,1.1049112889917136,150.520771949
328,1.1057830101507848,153.806487237
317,1.1111781824895706,151.107492779
321,1.1027825046286028,153.331012038
316,1.1096106508716252,152.812417522
- lambda 0.07
323,1.104347954114871,150.935997857
305,1.1153297674148748,145.153302441
322,1.11208585285275,149.710450179
313,1.1049580431738473,147.057566098
312,1.104505246327193,147.580945596
314,1.1042859805179568,147.346122222
313,1.1037816246614454,148.220033
318,1.1046594612534755,149.363543512
313,1.1027703092075403,149.535603869
312,1.1150023697006033,147.422599727
- lambda 0.075
293,1.098462586309617,141.091018117
291,1.0983361332236175,138.760668677
299,1.1117096372771964,141.084961473
291,1.1083352058642149,141.410206179
298,1.0946039915616133,142.894093176
292,1.1105182929418143,140.863264626
298,1.108615826358944,142.461917068
306,1.1165110417113628,143.236400579
297,1.099701373524714,143.764771324
283,1.1122109269379836,135.634234735
- lambda 0.08
285,1.1024771290331274,138.828791796
273,1.1138963473823702,132.998206127
277,1.0987016285151978,136.740996266
278,1.1077208966973564,136.470570269
273,1.1042830179866454,134.148924651
288,1.1027575115174237,137.976288532
274,1.1143441839129755,133.468413899
278,1.107845463094345,135.715394235
276,1.0979312610458278,136.390823641
273,1.1032685856474784,136.18230976
************************************************************
- taille 1
500,1.0980253870395662,294.11504748
500,1.1039306700413327,292.786595975
500,1.1019661307511956,292.263371716
500,1.1003589804642948,292.759456763
500,1.1057781298344989,291.883631172
500,1.1038350502167977,293.186518661
500,1.1083944556804508,291.705952706
500,1.100106073848364,291.090731151
500,1.0991647696296625,293.490520756
500,1.0988839334043534,292.717573672
- taille 2
500,1.0965371080347364,302.564598344
500,1.0966809572433525,300.928569918
500,1.0947351087407884,301.554549005
500,1.0959847552100923,302.290690502
500,1.0965505645241638,302.986951679
500,1.0927501270759117,304.015924653
500,1.0941536075270084,302.181104002
500,1.0943362405447805,304.567606151
500,1.0954420739773483,302.149431932
500,1.0948182681755254,303.524791655
- taille 3
496,1.0905719794588622,303.745681026
497,1.0901343155193586,305.303594917
497,1.093771912884048,304.047445383
496,1.0906739170109032,302.996865205
498,1.0880467606519395,303.212538183
499,1.089049797357336,302.099043033
497,1.0912351192393264,303.585556754
497,1.0949792519459347,303.652047354
497,1.0901992384285433,303.429523932
496,1.0888886235062956,306.348714176
- taille 4
490,1.0819644536737918,301.185369904
491,1.0844962717216342,302.640119358
491,1.085826903372014,303.1386036
489,1.0845087577313242,302.966288514
491,1.0861832288432627,303.825735191
490,1.0868858123075347,301.875043736
488,1.0856921641495294,299.464378991
489,1.0828182686479535,301.912605367
490,1.0871740846371083,303.241883836
491,1.082496932676863,304.170373194
- taille 5
490,1.0831384348272177,314.68600004
488,1.0788587152130196,315.537726429
491,1.0857470430345944,312.208040843
487,1.0816115962807333,312.861764404
489,1.085310338806117,310.662936385
489,1.0813142073159652,314.180358697
489,1.0813538613185343,311.722700501
488,1.0830852640950315,311.879663956
487,1.083803240226445,312.057061387
489,1.081485786446152,313.510748165
- taille 6
481,1.0817078438920686,312.198900702
479,1.0805313612975862,311.557800677
482,1.081630366909021,310.396579652
480,1.0745231576837155,312.606044008
481,1.0798979683932597,311.185226574
482,1.0796278354931383,309.280027556
479,1.0768617427367388,312.686336366
479,1.0812381392045336,313.093875646
480,1.0799163403779943,308.774336521
481,1.0770623703149067,311.222862619
- taille 7
477,1.0763712929166223,314.261803361
469,1.0735304032610993,313.823794729
474,1.0719846382032974,317.542956953
475,1.077679689341827,313.790746913
476,1.0744972429375415,318.870126301
472,1.0757319265488836,315.115311246
472,1.0797580580654937,317.537487491
476,1.0742506737128263,316.374717386
474,1.0763839364850083,316.297871509
478,1.0758255063248747,317.108445779
- taille 8
455,1.0723176402872645,315.892648963
460,1.0714002770764202,314.149326381
462,1.0714027488467686,318.496857907
457,1.0715088320518116,319.983529636
459,1.0753282861638775,314.577702745
461,1.0700504666627653,318.610955353
453,1.0724532507295004,313.357445118
461,1.0722693456876131,317.540692352
459,1.0711727329675733,316.097121211
458,1.0680624155070362,318.47051317
- taille 9
448,1.064339321487542,321.813208947
449,1.0658310141757912,325.642982143
442,1.06947170857738,323.242691947
450,1.0662385310666846,322.613573767
450,1.0670084384989666,324.26875769
439,1.0677644261768393,324.216604089
436,1.065497379075429,325.589988517
444,1.0678966535161765,325.085608637
448,1.0640865874012946,318.026120753
448,1.0671484080522267,320.527353496
- taille 10
435,1.0640661061989483,328.506170039
435,1.0647602352356405,330.164950706
435,1.0632915396792004,330.010524557
429,1.0609121370732322,325.251483818
430,1.0618260746590733,324.752457591
432,1.0649552243489793,331.212377192
431,1.061875332449982,325.695487939
431,1.0627634686684961,324.522305
432,1.0656401564393265,327.458151658
437,1.0647233229501383,335.279676701
************************************************************
- physical 50_0
328,1.130009768431789,79.629494722
325,1.1267515925628082,78.334837208
328,1.1291129093450907,79.461801585
337,1.127086106810632,81.267928172
324,1.1214165002448127,80.261554076
328,1.1279622012696549,79.094815065
330,1.1286985255572308,81.708863305
325,1.134536945100883,77.442081552
326,1.1307120578130703,80.809562589
334,1.1318195057124327,80.920348293
- physical 50_1
328,1.130009768431789,79.717042273
325,1.1267515925628082,78.686390245
328,1.1291129093450907,79.132746294
337,1.127086106810632,81.864567161
324,1.1214165002448127,79.809593206
328,1.1279622012696549,79.361006926
330,1.1286985255572308,81.900495681
325,1.134536945100883,78.151628568
326,1.1307120578130703,80.647209492
334,1.1318195057124327,81.476397087
- physical 50_2
328,1.130009768431789,80.12198267
325,1.1267515925628082,78.481027194
328,1.1291129093450907,79.44122427
337,1.127086106810632,81.556749541
324,1.1214165002448127,80.155657927
328,1.1279622012696549,79.12326202
330,1.1286985255572308,81.768801014
325,1.134536945100883,77.432538254
326,1.1307120578130703,80.52896121
334,1.1318195057124327,81.577551816
- physical 50_3
328,1.130009768431789,79.921657012
325,1.1267515925628082,78.642718046
328,1.1291129093450907,79.229021609
337,1.127086106810632,81.624181701
324,1.1214165002448127,80.326893196
328,1.1279622012696549,79.294240256
330,1.1286985255572308,81.807388949
325,1.134536945100883,77.622084337
326,1.1307120578130703,80.597682908
334,1.1318195057124327,81.372619035
- physical 50_4
328,1.130009768431789,79.569049315
325,1.1267515925628082,78.545281044
328,1.1291129093450907,79.153866922
337,1.127086106810632,81.515180341
324,1.1214165002448127,80.039812253
328,1.1279622012696549,79.412188376
330,1.1286985255572308,81.872742499
325,1.134536945100883,77.652691875
326,1.1307120578130703,80.445050498
334,1.1318195057124327,81.362844519
- physical 50_5
328,1.130009768431789,79.46769564
325,1.1267515925628082,78.447167237
328,1.1291129093450907,79.394860977
337,1.127086106810632,81.929135268
324,1.1214165002448127,80.396806
328,1.1279622012696549,79.319327568
330,1.1286985255572308,81.371595435
325,1.134536945100883,77.681868918
326,1.1307120578130703,80.636856155
334,1.1318195057124327,81.605020798
- physical 50_6
328,1.130009768431789,79.636011865
325,1.1267515925628082,78.435821053
328,1.1291129093450907,79.487438247
337,1.127086106810632,81.654652913
324,1.1214165002448127,80.203852466
328,1.1279622012696549,79.526662168
330,1.1286985255572308,81.821607053
325,1.134536945100883,77.443463498
326,1.1307120578130703,80.682526439
334,1.1318195057124327,81.446835289
- physical 50_7
328,1.130009768431789,79.443984323
325,1.1267515925628082,78.506488953
328,1.1291129093450907,79.583425581
337,1.127086106810632,81.74127826
324,1.1214165002448127,80.248339808
328,1.1279622012696549,79.146413809
330,1.1286985255572308,81.638584981
325,1.134536945100883,77.913270916
326,1.1307120578130703,80.64192987
334,1.1318195057124327,81.692766248
- physical 50_8
328,1.130009768431789,80.33414922
325,1.1267515925628082,78.504024926
328,1.1291129093450907,79.38504308
337,1.127086106810632,81.671928139
324,1.1214165002448127,80.20466128
328,1.1279622012696549,79.371065858
330,1.1286985255572308,82.054118347
325,1.134536945100883,77.554012652
326,1.1307120578130703,80.486862377
334,1.1318195057124327,81.272442048
- physical 50_9
328,1.130009768431789,79.777133901
325,1.1267515925628082,78.468127528
328,1.1291129093450907,79.522702591
337,1.127086106810632,81.427081575
324,1.1214165002448127,80.449123283
328,1.1279622012696549,79.274751684
330,1.1286985255572308,81.885587583
325,1.134536945100883,77.492593929
326,1.1307120578130703,80.867889188
334,1.1318195057124327,81.55229422
- physical 60_0
360,1.113975529323941,116.336184424
375,1.113211230719712,121.767539434
370,1.1177261675421866,118.665596321
371,1.1193205977204184,119.575700958
370,1.1155513048011934,117.853624896
361,1.1099387595353796,118.925592197
377,1.1177290049647965,121.480580201
365,1.1127167531723214,117.887950783
367,1.1113242655045172,118.55931991
362,1.114627047374022,115.641585109
- physical 60_1
360,1.113975529323941,116.85182014
375,1.113211230719712,121.261631469
370,1.1177261675421866,118.88004168
371,1.1193205977204184,118.923023732
370,1.1155513048011934,117.910700706
361,1.1099387595353796,119.067710982
377,1.1177290049647965,120.94389943
365,1.1127167531723214,118.3266047
367,1.1113242655045172,118.069574903
362,1.114627047374022,116.042765371
- physical 60_2
360,1.113975529323941,116.422575847
375,1.113211230719712,121.656146372
370,1.1177261675421866,118.381614999
371,1.1193205977204184,119.760512265
370,1.1155513048011934,117.809467649
361,1.1099387595353796,119.447730682
377,1.1177290049647965,121.389215071
365,1.1127167531723214,118.325175651
367,1.1113242655045172,118.189850652
362,1.114627047374022,115.441739526
- physical 60_3
360,1.113975529323941,116.510458979
375,1.113211230719712,120.708393088
370,1.1177261675421866,118.857678348
371,1.1193205977204184,120.432967142
370,1.1155513048011934,117.879543981
361,1.1099387595353796,119.002102867
377,1.1177290049647965,121.402866387
365,1.1127167531723214,118.501956868
367,1.1113242655045172,117.962769581
362,1.114627047374022,115.570856724
- physical 60_4
360,1.113975529323941,116.600466998
375,1.113211230719712,121.566192738
370,1.1177261675421866,118.848998374
371,1.1193205977204184,120.111117964
370,1.1155513048011934,117.582167232
361,1.1099387595353796,118.485439603
377,1.1177290049647965,121.560050868
365,1.1127167531723214,118.195913923
367,1.1113242655045172,118.453670436
362,1.114627047374022,115.645824345
- physical 60_5
360,1.113975529323941,116.721628364
375,1.113211230719712,121.585821417
370,1.1177261675421866,118.032708765
371,1.1193205977204184,119.421676444
370,1.1155513048011934,117.981841411
361,1.1099387595353796,119.074842713
377,1.1177290049647965,121.689201212
365,1.1127167531723214,118.429531324
367,1.1113242655045172,118.123251272
362,1.114627047374022,115.397199106
- physical 60_6
360,1.113975529323941,116.333759989
375,1.113211230719712,121.543504959
370,1.1177261675421866,118.58412173
371,1.1193205977204184,120.379884821
370,1.1155513048011934,117.897995013
361,1.1099387595353796,118.515056067
377,1.1177290049647965,121.538295734
365,1.1127167531723214,117.650677191
367,1.1113242655045172,117.401884815
362,1.114627047374022,116.029581653
- physical 60_7
360,1.113975529323941,116.315520473
375,1.113211230719712,120.970016393
370,1.1177261675421866,118.773748963
371,1.1193205977204184,119.853391545
370,1.1155513048011934,117.962780279
361,1.1099387595353796,118.547279133
377,1.1177290049647965,121.606765603
365,1.1127167531723214,118.15887135
367,1.1113242655045172,118.47493655
362,1.114627047374022,115.80671681
- physical 60_8
360,1.113975529323941,116.587541711
375,1.113211230719712,121.393349089
370,1.1177261675421866,119.499189087
371,1.1193205977204184,119.750646568
370,1.1155513048011934,118.03017718
361,1.1099387595353796,118.709002156
377,1.1177290049647965,121.436238909
365,1.1127167531723214,118.409180156
367,1.1113242655045172,117.95811922
362,1.114627047374022,115.649537665
- physical 60_9
360,1.113975529323941,116.451030145
375,1.113211230719712,121.193333344
370,1.1177261675421866,119.283254102
371,1.1193205977204184,119.27005289
370,1.1155513048011934,118.619492042
361,1.1099387595353796,119.060700963
377,1.1177290049647965,121.394262123
365,1.1127167531723214,118.109206106
367,1.1113242655045172,117.928347449
362,1.114627047374022,115.407256254
- physical 70_0
373,1.1019620288989562,157.780444512
379,1.0910739954194328,161.157079351
384,1.0988018549843457,164.810121812
379,1.0935959755843714,161.049191036
382,1.0967866506510222,162.976883245
374,1.0959938210220521,159.726438324
379,1.1074830998561382,159.184058622
372,1.0938566586967984,158.260468314
374,1.0943551536356761,159.932195816
375,1.0958449603181062,158.804520425
- physical 70_1
373,1.1019620288989562,158.051671257
379,1.0910739954194328,161.753444488
384,1.0988018549843457,164.085177928
379,1.0935959755843714,161.314083857
382,1.0967866506510222,166.246004679
374,1.0959938210220521,159.318748781
379,1.1074830998561382,158.447162132
372,1.0938566586967984,156.462675463
374,1.0943551536356761,159.791699338
375,1.0958449603181062,159.102817324
- physical 70_2
373,1.1019620288989562,156.26792814
379,1.0910739954194328,161.05411496
384,1.0988018549843457,164.310578448
379,1.0935959755843714,160.532565556
382,1.0967866506510222,163.013406575
374,1.0959938210220521,158.708354219
379,1.1074830998561382,158.848249213
372,1.0938566586967984,158.122323007
374,1.0943551536356761,159.369721454
375,1.0958449603181062,160.386469653
- physical 70_3
373,1.1019620288989562,157.540290623
379,1.0910739954194328,160.845942434
384,1.0988018549843457,163.80267055
379,1.0935959755843714,160.363801004
382,1.0967866506510222,163.443747791
374,1.0959938210220521,159.278997673
379,1.1074830998561382,158.984176682
372,1.0938566586967984,158.207021315
374,1.0943551536356761,160.00070969
375,1.0958449603181062,160.318757282
- physical 70_4
373,1.1019620288989562,157.412493
379,1.0910739954194328,161.188319212
384,1.0988018549843457,164.731635941
379,1.0935959755843714,161.529337824
382,1.0967866506510222,161.761414564
374,1.0959938210220521,159.206596686
379,1.1074830998561382,160.403116126
372,1.0938566586967984,158.627802832
374,1.0943551536356761,159.949380439
375,1.0958449603181062,159.007622104
- physical 70_5
373,1.1019620288989562,157.432297041
379,1.0910739954194328,162.522624635
384,1.0988018549843457,164.377186783
379,1.0935959755843714,160.981435199
382,1.0967866506510222,163.692761462
374,1.0959938210220521,160.266158052
379,1.1074830998561382,158.07712767
372,1.0938566586967984,158.229664665
374,1.0943551536356761,160.074612769
375,1.0958449603181062,159.645758703
- physical 70_6
373,1.1019620288989562,157.925624249
379,1.0910739954194328,160.725780281
384,1.0988018549843457,165.26352477
379,1.0935959755843714,161.190573507
382,1.0967866506510222,163.300661157
374,1.0959938210220521,159.572206909
379,1.1074830998561382,159.21975921
372,1.0938566586967984,157.557148822
374,1.0943551536356761,159.191224532
375,1.0958449603181062,159.206134099
- physical 70_7
373,1.1019620288989562,157.538039675
379,1.0910739954194328,160.91543685
384,1.0988018549843457,164.604577502
379,1.0935959755843714,161.658236684
382,1.0967866506510222,163.419332091
374,1.0959938210220521,159.250314514
379,1.1074830998561382,159.048342842
372,1.0938566586967984,157.536270714
374,1.0943551536356761,159.913682981
375,1.0958449603181062,158.109064086
- physical 70_8
373,1.1019620288989562,157.965211544
379,1.0910739954194328,162.875936705
384,1.0988018549843457,164.940664091
379,1.0935959755843714,161.27087805
382,1.0967866506510222,163.10970415
374,1.0959938210220521,159.724922505
379,1.1074830998561382,159.253759313
372,1.0938566586967984,158.599129884
374,1.0943551536356761,159.545464214
375,1.0958449603181062,160.089841396
- physical 70_9
373,1.1019620288989562,157.966807362
379,1.0910739954194328,162.849690659
384,1.0988018549843457,164.16119828
379,1.0935959755843714,161.748499271
382,1.0967866506510222,163.290825482
374,1.0959938210220521,159.056832046
379,1.1074830998561382,158.93786467
372,1.0938566586967984,158.216056931
374,1.0943551536356761,159.472396392
375,1.0958449603181062,159.742157561
- physical 80_0
399,1.0828182170624439,222.046674903
402,1.0870861243456418,226.479320882
402,1.086108427195806,223.254162111
405,1.0886631108911686,223.927130574
403,1.0828277896402168,224.603740537
405,1.0851696221662923,225.960937001
403,1.0857528163115324,222.88250524
401,1.0835126189001407,222.465676107
412,1.0867361899060883,225.250202084
405,1.086555623648206,225.99351013
- physical 80_1
399,1.0828182170624439,222.870777247
402,1.0870861243456418,225.351114317
402,1.086108427195806,222.754096027
405,1.0886631108911686,224.557049507
403,1.0828277896402168,224.499109414
405,1.0851696221662923,226.752999079
403,1.0857528163115324,225.112442112
401,1.0835126189001407,223.328163031
412,1.0867361899060883,227.447613605
405,1.086555623648206,227.193771122
- physical 80_2
399,1.0828182170624439,222.834836842
402,1.0870861243456418,225.606708524
402,1.086108427195806,222.675603037
405,1.0886631108911686,225.270570721
403,1.0828277896402168,222.658282825
405,1.0851696221662923,225.625112764
403,1.0857528163115324,222.879589218
401,1.0835126189001407,221.922773109
412,1.0867361899060883,225.519104205
405,1.086555623648206,226.401965212
- physical 80_3
399,1.0828182170624439,221.64427324
402,1.0870861243456418,225.283677411
402,1.086108427195806,221.857266418
405,1.0886631108911686,224.853129126
403,1.0828277896402168,224.099698968
405,1.0851696221662923,225.951390429
403,1.0857528163115324,223.155015986
401,1.0835126189001407,222.811813961
412,1.0867361899060883,225.797717428
405,1.086555623648206,227.257051296
- physical 80_4
399,1.0828182170624439,223.457797544
402,1.0870861243456418,225.919320495
402,1.086108427195806,220.850382614
405,1.0886631108911686,224.241975757
403,1.0828277896402168,223.552064434
405,1.0851696221662923,227.633872084
403,1.0857528163115324,222.926188174
401,1.0835126189001407,222.765001259
412,1.0867361899060883,226.699535169
405,1.086555623648206,226.918130671
- physical 80_5
399,1.0828182170624439,220.025441117
402,1.0870861243456418,225.787146397
402,1.086108427195806,222.656555718
405,1.0886631108911686,224.236940828
403,1.0828277896402168,222.228870563
405,1.0851696221662923,226.326211272
403,1.0857528163115324,224.569238595
401,1.0835126189001407,222.493076757
412,1.0867361899060883,225.2440334
405,1.086555623648206,226.737061213
- physical 80_6
399,1.0828182170624439,222.134297021
402,1.0870861243456418,225.910944622
402,1.086108427195806,221.165969227
405,1.0886631108911686,224.177562533
403,1.0828277896402168,223.888238339
405,1.0851696221662923,227.001758339
403,1.0857528163115324,223.847661909
401,1.0835126189001407,222.960328129
412,1.0867361899060883,225.634841182
405,1.086555623648206,226.624556194
- physical 80_7
399,1.0828182170624439,221.443948742
402,1.0870861243456418,224.448190077
402,1.086108427195806,222.770788196
405,1.0886631108911686,226.414788959
403,1.0828277896402168,223.593285613
405,1.0851696221662923,226.401194666
403,1.0857528163115324,225.357242291
401,1.0835126189001407,222.422363522
412,1.0867361899060883,226.325608877
405,1.086555623648206,226.739547396
- physical 80_8
399,1.0828182170624439,220.912270897
402,1.0870861243456418,225.883907368
402,1.086108427195806,222.334253089
405,1.0886631108911686,224.527601812
403,1.0828277896402168,223.298887742
405,1.0851696221662923,226.279297961
403,1.0857528163115324,222.737174392
401,1.0835126189001407,223.058214277
412,1.0867361899060883,225.973575521
405,1.086555623648206,227.452332029
- physical 80_9
399,1.0828182170624439,222.458257435
402,1.0870861243456418,225.219632057
402,1.086108427195806,223.275363097
405,1.0886631108911686,224.096280156
403,1.0828277896402168,223.177511495
405,1.0851696221662923,226.719403611
403,1.0857528163115324,223.667130746
401,1.0835126189001407,223.23356111
412,1.0867361899060883,224.542163546
405,1.086555623648206,227.458896875
- physical 90_0
418,1.073716979841142,291.208304643
416,1.0753465923052477,290.149172575
424,1.081157014795527,292.592091809
424,1.0733163035729598,291.082144548
425,1.0813186515112834,291.736091172
420,1.080843569164485,291.691627442
415,1.0803094628770795,282.4666484
424,1.0737604192539194,295.06236066
421,1.08020728377282,297.477810047
420,1.0818670904941685,286.224465584
- physical 90_1
418,1.073716979841142,291.538725905
416,1.0753465923052477,290.65836848
424,1.081157014795527,293.208390093
424,1.0733163035729598,290.892010499
425,1.0813186515112834,293.536288753
420,1.080843569164485,295.639301523
415,1.0803094628770795,282.881518993
424,1.0737604192539194,294.587935778
421,1.08020728377282,297.436588807
420,1.0818670904941685,287.585556418
- physical 90_2
418,1.073716979841142,290.896247081
416,1.0753465923052477,291.690966856
424,1.081157014795527,295.136238309
424,1.0733163035729598,290.345684658
425,1.0813186515112834,293.603430513
420,1.080843569164485,292.738944464
415,1.0803094628770795,282.786264514
424,1.0737604192539194,296.127800549
421,1.08020728377282,297.727268013
420,1.0818670904941685,285.887826461
- physical 90_3
418,1.073716979841142,290.534266141
416,1.0753465923052477,289.562356119
424,1.081157014795527,292.728699047
424,1.0733163035729598,291.053346747
425,1.0813186515112834,293.444094709
420,1.080843569164485,292.878495494
415,1.0803094628770795,284.24559662
424,1.0737604192539194,294.755549365
421,1.08020728377282,297.068323257
420,1.0818670904941685,286.567330283
- physical 90_4
418,1.073716979841142,292.147768967
416,1.0753465923052477,291.948922558
424,1.081157014795527,293.913578764
424,1.0733163035729598,290.738857089
425,1.0813186515112834,294.014671867
420,1.080843569164485,293.099919713
415,1.0803094628770795,282.819351443
424,1.0737604192539194,296.507270836
421,1.08020728377282,297.059468741
420,1.0818670904941685,285.589103363
- physical 90_5
418,1.073716979841142,290.522459768
416,1.0753465923052477,288.429222429
424,1.081157014795527,292.991984249
424,1.0733163035729598,291.922974425
425,1.0813186515112834,294.15797022
420,1.080843569164485,293.179292531
415,1.0803094628770795,282.333347399
424,1.0737604192539194,293.816195171
421,1.08020728377282,297.504950005
420,1.0818670904941685,287.863600534
- physical 90_6
418,1.073716979841142,292.393248277
416,1.0753465923052477,289.259155764
424,1.081157014795527,294.275572176
424,1.0733163035729598,290.449767738
425,1.0813186515112834,293.446478821
420,1.080843569164485,291.986907
415,1.0803094628770795,282.18852833
424,1.0737604192539194,294.574826792
421,1.08020728377282,297.142794664
420,1.0818670904941685,287.237481872
- physical 90_7
418,1.073716979841142,291.737002793
416,1.0753465923052477,289.838797625
424,1.081157014795527,293.276787638
424,1.0733163035729598,290.032677105
425,1.0813186515112834,293.697967553
420,1.080843569164485,291.516799073
415,1.0803094628770795,282.668708561
424,1.0737604192539194,296.052657985
421,1.08020728377282,296.782054997
420,1.0818670904941685,287.277862164
- physical 90_8
418,1.073716979841142,292.425083773
416,1.0753465923052477,291.01426991
424,1.081157014795527,293.914101808
424,1.0733163035729598,291.098805238
425,1.0813186515112834,292.91586483
420,1.080843569164485,292.98575016
415,1.0803094628770795,282.162467546
424,1.0737604192539194,295.065452075
421,1.08020728377282,297.137002329
420,1.0818670904941685,286.974755447
- physical 90_9
418,1.073716979841142,292.246580507
416,1.0753465923052477,291.80509161
424,1.081157014795527,292.682009739
424,1.0733163035729598,289.15381044
425,1.0813186515112834,292.669425356
420,1.080843569164485,292.269538778
415,1.0803094628770795,281.975574163
424,1.0737604192539194,294.691013098
421,1.08020728377282,296.352843639
420,1.0818670904941685,286.884074838
- physical 100_0
423,1.0683515674428874,363.879321058
422,1.0705883529751494,364.743216302
424,1.069778229921932,362.791411046
428,1.0672580312845412,365.901587943
422,1.0656395561442542,363.205661386
422,1.0693122786889153,363.926146103
422,1.0724201398724234,362.72289086
425,1.0672345264334677,366.225299089
423,1.0706594670500584,367.656966458
423,1.0678268945197105,366.670466889
- physical 100_1
423,1.0683515674428874,363.49584456
422,1.0705883529751494,366.431434583
424,1.069778229921932,363.545710043
428,1.0672580312845412,367.709360426
422,1.0656395561442542,362.013929035
422,1.0693122786889153,362.100901889
422,1.0724201398724234,363.833495072
425,1.0672345264334677,365.14187416
423,1.0706594670500584,368.271993422
423,1.0678268945197105,368.46252149
- physical 100_2
423,1.0683515674428874,363.028672783
422,1.0705883529751494,367.300090542
424,1.069778229921932,365.391784541
428,1.0672580312845412,366.567257896
422,1.0656395561442542,364.650627047
422,1.0693122786889153,361.262555554
422,1.0724201398724234,362.373483186
425,1.0672345264334677,364.789098532
423,1.0706594670500584,367.669217206
423,1.0678268945197105,366.524492146
- physical 100_3
423,1.0683515674428874,362.398806113
422,1.0705883529751494,363.681248417
424,1.069778229921932,365.556180268
428,1.0672580312845412,367.334159516
422,1.0656395561442542,362.735191679
422,1.0693122786889153,361.752383612
422,1.0724201398724234,362.780380272
425,1.0672345264334677,363.691037904
423,1.0706594670500584,365.986041227
423,1.0678268945197105,365.967848396
- physical 100_4
423,1.0683515674428874,360.883478209
422,1.0705883529751494,367.218866328
424,1.069778229921932,364.767896151
428,1.0672580312845412,367.369155406
422,1.0656395561442542,363.279398212
422,1.0693122786889153,361.955942155
422,1.0724201398724234,361.383178387
425,1.0672345264334677,364.265893282
423,1.0706594670500584,368.504226679
423,1.0678268945197105,367.628803102
- physical 100_5
423,1.0683515674428874,360.888247664
422,1.0705883529751494,366.43601554
424,1.069778229921932,365.503776395
428,1.0672580312845412,365.920941293
422,1.0656395561442542,363.679040835
422,1.0693122786889153,363.268430703
422,1.0724201398724234,364.926832265
425,1.0672345264334677,364.034044614
423,1.0706594670500584,368.150830147
423,1.0678268945197105,365.814811739
- physical 100_6
423,1.0683515674428874,361.331078976
422,1.0705883529751494,366.977925363
424,1.069778229921932,363.697862377
428,1.0672580312845412,367.952575349
422,1.0656395561442542,362.340073066
422,1.0693122786889153,361.344487673
422,1.0724201398724234,362.355557115
425,1.0672345264334677,365.640761855
423,1.0706594670500584,368.010819375
423,1.0678268945197105,367.617812315
- physical 100_7
423,1.0683515674428874,362.910918332
422,1.0705883529751494,364.830136675
424,1.069778229921932,365.154764848
428,1.0672580312845412,366.781920919
422,1.0656395561442542,365.399346164
422,1.0693122786889153,362.385712344
422,1.0724201398724234,362.580381812
425,1.0672345264334677,365.209793098
423,1.0706594670500584,367.619309307
423,1.0678268945197105,367.451984653
- physical 100_8
423,1.0683515674428874,363.834895404
422,1.0705883529751494,366.405145179
424,1.069778229921932,364.441929006
428,1.0672580312845412,365.097840359
422,1.0656395561442542,363.119441085
422,1.0693122786889153,362.937422336
422,1.0724201398724234,362.229541814
425,1.0672345264334677,365.458145827
423,1.0706594670500584,367.149063787
423,1.0678268945197105,366.939355297
- physical 100_9
423,1.0683515674428874,362.556940028
422,1.0705883529751494,366.132539399
424,1.069778229921932,365.630225276
428,1.0672580312845412,367.250747148
422,1.0656395561442542,362.500737184
422,1.0693122786889153,362.027445731
422,1.0724201398724234,362.146695962
425,1.0672345264334677,365.145871369
423,1.0706594670500584,369.088885859
423,1.0678268945197105,366.465584683
