**************************** NEPA Path 500 slices graphe complet l=3  N=5
- lambda 0.02
500,1.525185405497541,342.83518706
500,1.5234908950901622,342.206710279
500,1.530237448079535,338.720678942
500,1.5333984602091426,339.433626933
500,1.5363009323244836,335.815872109
500,1.534149484892395,340.611119435
500,1.5236240357990511,336.569972808
500,1.5214541613312986,336.920472251
500,1.5186264796273496,336.147062795
500,1.5216535848346,337.683458239
- lambda 0.03
487,1.4311652929492231,303.968956194
485,1.4409779436085488,301.72564536
485,1.4286672771387061,300.619758179
486,1.4585831036848935,303.108215385
486,1.4351859183554185,302.014038421
484,1.4548194273792228,300.070662385
483,1.4319805937733485,299.165985875
485,1.4317917836986767,302.127346653
487,1.4447320526118308,304.349617672
484,1.4409080514614239,300.083551538
- lambda 0.04
446,1.3572180969052976,263.214980287
446,1.3491407234287618,262.215219607
448,1.3607237316000285,262.785968449
442,1.3694153106992855,260.153795522
439,1.3495173809816898,257.627453307
445,1.3521772247027037,263.198666432
447,1.362600117237541,264.477123666
450,1.3665824550304642,264.67715817
441,1.3522764086942451,257.361105065
442,1.3791299973516136,261.42670008
- lambda 0.045
423,1.3244432167307785,244.024620206
427,1.3318709383872709,248.748647315
423,1.3246428720200332,243.330447351
421,1.3306168484205254,240.998105335
425,1.3591649393568075,246.236386903
424,1.3641543362619573,246.461198221
421,1.3219252510257866,244.332635034
421,1.3467872958988556,249.912982861
422,1.3379929200613243,243.978481106
422,1.3327443945700448,243.35876583
- lambda 0.05
396,1.3259662306779627,229.677992129
400,1.3172170425790946,231.649836862
399,1.3039784541142714,229.889107771
401,1.3268337475388827,232.640086353
406,1.2990266437835296,232.890632413
401,1.3108352748425043,231.577823892
397,1.3105050313348559,228.293012575
398,1.3148297016005124,229.917520242
400,1.3378912047629887,230.857400085
402,1.3264638017472672,230.787827783
- lambda 0.055
376,1.3148501295838255,216.572097686
379,1.3032631291731476,216.596642669
374,1.2975748462024914,217.487704917
371,1.3053138512387268,214.045066468
371,1.3203661327685217,216.485735904
368,1.2992646256973304,213.372116432
373,1.2976452007478818,216.617014792
370,1.3091274176744887,212.971696128
372,1.290759023688592,214.599595176
379,1.3074321465953354,220.837472991
- lambda 0.06
353,1.3000199579990062,204.861964748
346,1.294639513155575,203.920702244
341,1.2863839997629267,200.747937088
346,1.2980178565679716,204.736849747
351,1.3093399135894153,204.450337028
343,1.3123515744582008,201.376299505
347,1.2985145523035055,202.554276236
348,1.3007310071682066,203.45663057
348,1.2871372121345734,204.140092101
347,1.2802986731036698,200.689435697
- lambda 0.065
319,1.2865116653642341,188.789756505
324,1.3070111727897553,192.548679445
321,1.3267204167985776,192.071720646
321,1.279165467000509,187.727905567
320,1.2909820270786232,189.947300803
317,1.293586748801681,190.570487243
308,1.2927200409242612,184.068180112
324,1.279616387773502,189.245832089
328,1.2852202778844262,191.633103618
313,1.2816204984543291,185.852107263
- lambda 0.07
312,1.2696739998404338,182.821313561
314,1.2751585337329805,184.859626589
311,1.275051572799044,184.231142612
313,1.2958519087431697,183.876960197
308,1.2730069720686774,182.182694018
311,1.2863081196759465,182.987864608
310,1.2700828244743456,183.6256707
301,1.274315537474835,179.921779888
316,1.2891174330044353,184.903925747
314,1.276160977962039,183.881475529
- lambda 0.075
310,1.2869769749361342,182.395595439
299,1.2574682701110025,179.206631379
287,1.2872228048618086,173.242378216
287,1.2732096099220513,171.439509601
299,1.2795823132727617,180.578438378
299,1.278757834503754,178.365296519
295,1.2702451408196076,176.313451445
287,1.2509696036864442,169.259960551
296,1.26292747510478,174.621154882
295,1.26698466055908,174.735764693
- lambda 0.08
269,1.276535888992987,164.515501081
267,1.2590245637216477,163.966834808
277,1.290995726522677,169.110985336
258,1.274994657426557,158.814972551
267,1.267012162959424,165.790012409
276,1.272634690387675,166.990655866
276,1.2908731352016596,167.811186935
283,1.2780483289750346,170.742950563
274,1.2785580625840909,167.099344405
277,1.2674844525253752,169.739988137
************************************************************
- taille 1
500,1.5001722135859865,346.205803001
500,1.4761197909898143,342.435435965
500,1.4864300327338724,348.139063334
500,1.4771820246643792,344.326455984
500,1.4847989787527622,344.739065475
500,1.4789470548799883,344.95666998
500,1.4928722431538446,343.676651873
500,1.4862703604021439,345.158045974
500,1.4835559883318803,347.88047184
500,1.4950834270166053,345.049290831
- taille 2
500,1.4452149846126372,361.609728186
500,1.4429916124859645,357.738223967
500,1.4328928410211512,356.14460121
500,1.4356439301069635,356.945357183
500,1.4332824513677533,357.352186547
500,1.4437865771955714,356.593216171
500,1.435585854084579,357.603906756
500,1.4338047654756907,359.188503038
500,1.428508691112763,357.059696697
500,1.4429092560207764,362.382795406
- taille 3
497,1.3895287406484127,366.920707555
496,1.405788314729541,365.76874309
496,1.401012168857361,364.149568092
496,1.399317077210189,365.65091679
496,1.398849781845895,366.270422627
496,1.4080092015161718,368.213950845
497,1.3960244980887724,365.618937171
497,1.3985676531838418,365.085897779
496,1.3897898844767127,362.337362561
496,1.3966081086903697,365.061246023
- taille 4
488,1.3238742866660587,369.317636352
489,1.335918281528416,370.426112655
488,1.3360162353721574,366.284591273
489,1.3321051248413587,368.739539095
490,1.3189075714899345,368.682266819
489,1.3433214216587597,369.98920405
489,1.3322610576392662,369.558732519
490,1.3387151982179084,370.99151836
487,1.3313619179303517,366.56089281
488,1.343824666160955,369.40983897
- taille 5
486,1.316307193567556,382.909466223
488,1.3029282046735704,383.454878866
486,1.3045277791293135,382.256945004
488,1.3176840944376098,384.851508707
488,1.3169661054782302,382.886330331
486,1.320484072876009,384.079868037
487,1.3156657968208092,384.231340699
489,1.3115642468914268,384.797562273
488,1.3187144964809565,385.550805117
488,1.3126674569265362,386.342224769
- taille 6
481,1.2854853711766674,386.221529811
481,1.3007319258143095,385.547877968
480,1.2854329139463192,386.319386418
478,1.285966914222101,385.292626366
482,1.2811780743841534,386.743903617
479,1.27958853987683,383.690004335
478,1.2921353642038358,384.914015943
478,1.2844042226807701,386.370782526
481,1.2874521441624698,389.864622925
478,1.2895604235580163,387.301547618
- taille 7
469,1.2666530934232814,392.842348294
474,1.2647515372306832,394.758634439
472,1.2684776606359753,392.41440989
473,1.2656810632074247,392.542694156
474,1.2638698605213305,391.656254072
474,1.2593240412669016,393.805723155
470,1.2598115389827935,392.275204213
474,1.2593519720348147,374.398963276
474,1.2719076290323037,372.041976811
473,1.2644307382901427,370.824983051
- taille 8
461,1.2360664091304894,375.312573825
461,1.2234298477477064,373.374114861
457,1.226626265849646,370.224931031
458,1.2156159714623,370.428650184
458,1.2178558691222838,370.919780795
460,1.2350563874330827,372.116609632
456,1.2274349036380203,371.133018685
459,1.2294086124398997,371.757376811
461,1.2260764117436294,372.897123372
458,1.223840040894709,372.719729997
- taille 9
453,1.2186357419046416,381.534515384
454,1.212585071844744,381.821373394
451,1.2074655688572906,378.012649018
453,1.2081934171976527,380.487532824
451,1.21116826845044,378.819104045
455,1.2071278594989738,377.478235803
453,1.2045590354657023,381.039543026
454,1.207935263017606,380.161352853
451,1.2075152208146531,380.492653923
452,1.2138773800156981,379.196816075
- taille 10
436,1.1897799789201877,382.117002833
433,1.195553351828947,380.400881406
428,1.1990833301718233,379.543086057
434,1.1968026484034835,383.508553176
428,1.1874066383232162,377.28914684
433,1.197090755372622,380.974435731
431,1.188110839204302,383.319990228
434,1.1884779778794943,379.000113256
434,1.198236968829499,384.868396344
434,1.1873771381808074,378.127166539
************************************************************
- physical 50_0
325,1.3114774540536367,87.411100669
322,1.329605607203131,86.318233509
326,1.3219862262861837,88.169314105
323,1.3383172063138926,87.195577367
321,1.3409480292677933,87.820180935
326,1.3360153178417866,86.84254944
324,1.303943430126854,87.519459233
334,1.3419628085648374,88.798388571
330,1.3235978930759555,87.113786342
325,1.3297075911270382,89.000825065
- physical 50_1
325,1.3114774540536367,86.758341358
322,1.329605607203131,86.04591938
326,1.3219862262861837,87.582284918
323,1.3383172063138926,87.625287797
321,1.3409480292677933,87.601579742
326,1.3360153178417866,86.759530449
324,1.303943430126854,87.439338367
334,1.3419628085648374,89.072233488
330,1.3235978930759555,87.308816281
325,1.3297075911270382,88.10520314
- physical 50_2
325,1.3114774540536367,86.773928948
322,1.329605607203131,86.875967721
326,1.3219862262861837,87.957321435
323,1.3383172063138926,86.931627202
321,1.3409480292677933,87.610190219
326,1.3360153178417866,87.129328159
324,1.303943430126854,87.462159509
334,1.3419628085648374,89.236859268
330,1.3235978930759555,86.947775096
325,1.3297075911270382,88.153935897
- physical 50_3
325,1.3114774540536367,86.941863119
322,1.329605607203131,85.248828548
326,1.3219862262861837,88.196902091
323,1.3383172063138926,86.768597543
321,1.3409480292677933,87.556903101
326,1.3360153178417866,87.207771516
324,1.303943430126854,87.440471405
334,1.3419628085648374,89.216466883
330,1.3235978930759555,86.554585306
325,1.3297075911270382,88.563676939
- physical 50_4
325,1.3114774540536367,86.552945059
322,1.329605607203131,85.493927161
326,1.3219862262861837,87.191303672
323,1.3383172063138926,86.847436195
321,1.3409480292677933,87.129141945
326,1.3360153178417866,86.863779568
324,1.303943430126854,87.812469597
334,1.3419628085648374,89.148779642
330,1.3235978930759555,86.654149949
325,1.3297075911270382,87.901197007
- physical 50_5
325,1.3114774540536367,86.294497901
322,1.329605607203131,85.620659196
326,1.3219862262861837,87.132140155
323,1.3383172063138926,87.591783472
321,1.3409480292677933,87.698090175
326,1.3360153178417866,87.081335806
324,1.303943430126854,87.196055579
334,1.3419628085648374,89.567550691
330,1.3235978930759555,86.647440428
325,1.3297075911270382,87.785695886
- physical 50_6
325,1.3114774540536367,87.172124229
322,1.329605607203131,85.893951598
326,1.3219862262861837,86.803532025
323,1.3383172063138926,86.650734621
321,1.3409480292677933,87.000163423
326,1.3360153178417866,86.758981601
324,1.303943430126854,88.44512751
334,1.3419628085648374,89.724708801
330,1.3235978930759555,86.741394431
325,1.3297075911270382,89.065477378
- physical 50_7
325,1.3114774540536367,86.720891319
322,1.329605607203131,85.976041043
326,1.3219862262861837,87.412948464
323,1.3383172063138926,87.378886494
321,1.3409480292677933,88.11881739
326,1.3360153178417866,88.082793063
324,1.303943430126854,87.470067666
334,1.3419628085648374,89.315835781
330,1.3235978930759555,87.145483417
325,1.3297075911270382,87.909557324
- physical 50_8
325,1.3114774540536367,86.368785032
322,1.329605607203131,86.679811693
326,1.3219862262861837,87.561986391
323,1.3383172063138926,86.627219564
321,1.3409480292677933,87.203281255
326,1.3360153178417866,86.803557432
324,1.303943430126854,87.319554392
334,1.3419628085648374,89.366924484
330,1.3235978930759555,87.354415068
325,1.3297075911270382,89.25376148
- physical 50_9
325,1.3114774540536367,87.027046276
322,1.329605607203131,85.93340169
326,1.3219862262861837,87.160909527
323,1.3383172063138926,86.882400982
321,1.3409480292677933,87.457894937
326,1.3360153178417866,86.605034053
324,1.303943430126854,87.081834441
334,1.3419628085648374,89.865339633
330,1.3235978930759555,86.862509551
325,1.3297075911270382,88.86668352
- physical 60_0
366,1.2779558771865127,135.156101719
354,1.2735271459988526,132.51550006
360,1.27032769686879,133.482236705
369,1.2867550954267815,136.296958297
360,1.2970125967656843,135.910430923
367,1.2867966968197366,136.800679158
370,1.2741252664839755,137.347565897
373,1.2995917457544848,137.748131899
368,1.2776668915484573,135.98026539
360,1.2679485400858677,132.650849219
- physical 60_1
366,1.2779558771865127,135.07443428
354,1.2735271459988526,131.898328429
360,1.27032769686879,132.786948968
369,1.2867550954267815,136.387808115
360,1.2970125967656843,138.191601836
367,1.2867966968197366,136.820640669
370,1.2741252664839755,137.273572627
373,1.2995917457544848,136.847659411
368,1.2776668915484573,135.372545189
360,1.2679485400858677,132.489176018
- physical 60_2
366,1.2779558771865127,135.277170464
354,1.2735271459988526,132.158083777
360,1.27032769686879,132.985373054
369,1.2867550954267815,136.290742682
360,1.2970125967656843,135.201281734
367,1.2867966968197366,137.352526674
370,1.2741252664839755,136.497111935
373,1.2995917457544848,137.928875675
368,1.2776668915484573,135.836156111
360,1.2679485400858677,133.508031496
- physical 60_3
366,1.2779558771865127,135.373607866
354,1.2735271459988526,132.22949015
360,1.27032769686879,133.04015087
369,1.2867550954267815,136.204990077
360,1.2970125967656843,135.639932245
367,1.2867966968197366,137.249902426
370,1.2741252664839755,137.223003491
373,1.2995917457544848,137.7979358
368,1.2776668915484573,137.965447565
360,1.2679485400858677,134.402863739
- physical 60_4
366,1.2779558771865127,137.101277181
354,1.2735271459988526,135.038586776
360,1.27032769686879,132.961648495
369,1.2867550954267815,136.619298887
360,1.2970125967656843,137.298670439
367,1.2867966968197366,136.997291474
370,1.2741252664839755,138.122245374
373,1.2995917457544848,137.987913337
368,1.2776668915484573,135.459847502
360,1.2679485400858677,132.029652833
- physical 60_5
366,1.2779558771865127,135.402513387
354,1.2735271459988526,133.172293914
360,1.27032769686879,133.164752695
369,1.2867550954267815,136.66198229
360,1.2970125967656843,135.962716133
367,1.2867966968197366,136.758253606
370,1.2741252664839755,138.843725425
373,1.2995917457544848,138.014519644
368,1.2776668915484573,135.634966337
360,1.2679485400858677,132.760366317
- physical 60_6
366,1.2779558771865127,135.247777176
354,1.2735271459988526,131.351188883
360,1.27032769686879,132.793959674
369,1.2867550954267815,135.922837599
360,1.2970125967656843,135.582740443
367,1.2867966968197366,138.693004188
370,1.2741252664839755,137.100423785
373,1.2995917457544848,138.279999089
368,1.2776668915484573,135.502528853
360,1.2679485400858677,132.872371867
- physical 60_7
366,1.2779558771865127,135.464478078
354,1.2735271459988526,132.535604672
360,1.27032769686879,133.066769399
369,1.2867550954267815,136.093821809
360,1.2970125967656843,135.271186212
367,1.2867966968197366,136.866768353
370,1.2741252664839755,136.866303364
373,1.2995917457544848,137.464512566
368,1.2776668915484573,137.202761483
360,1.2679485400858677,133.898844343
- physical 60_8
366,1.2779558771865127,137.292545451
354,1.2735271459988526,132.271486421
360,1.27032769686879,133.22611848
369,1.2867550954267815,136.457959507
360,1.2970125967656843,135.075503339
367,1.2867966968197366,136.79606733
370,1.2741252664839755,137.50477061
373,1.2995917457544848,137.17116744
368,1.2776668915484573,135.47631007
360,1.2679485400858677,132.790416293
- physical 60_9
366,1.2779558771865127,135.38448118
354,1.2735271459988526,132.354661883
360,1.27032769686879,133.106162922
369,1.2867550954267815,136.905583576
360,1.2970125967656843,135.72481988
367,1.2867966968197366,136.338587671
370,1.2741252664839755,136.877203417
373,1.2995917457544848,136.789593064
368,1.2776668915484573,135.323449583
360,1.2679485400858677,131.944239304
- physical 70_0
388,1.2629267351041549,197.134881612
372,1.264154745124598,189.055699941
381,1.242446988595013,191.310599958
378,1.2672251360729765,193.650593236
377,1.2611181814412895,191.638799549
376,1.2508714639633125,190.141684607
376,1.256489637684962,191.004761342
371,1.252859199201484,188.554543633
375,1.2429326046416167,190.552737607
377,1.2611762459450955,190.803739092
- physical 70_1
388,1.2629267351041549,195.168960563
372,1.264154745124598,183.138817297
381,1.242446988595013,186.030422123
378,1.2672251360729765,186.007839288
377,1.2611181814412895,186.228706376
376,1.2508714639633125,183.803518643
376,1.256489637684962,185.789436605
371,1.252859199201484,184.640960646
375,1.2429326046416167,185.427064454
377,1.2611762459450955,185.231533245
- physical 70_2
388,1.2629267351041549,190.499700266
372,1.264154745124598,184.19106044
381,1.242446988595013,186.520033774
378,1.2672251360729765,187.14788782
377,1.2611181814412895,185.472500878
376,1.2508714639633125,184.849471992
376,1.256489637684962,185.387524858
371,1.252859199201484,183.246870541
375,1.2429326046416167,185.585769789
377,1.2611762459450955,185.178087982
- physical 70_3
388,1.2629267351041549,190.596544964
372,1.264154745124598,183.467784715
381,1.242446988595013,186.048769917
378,1.2672251360729765,187.20437827
377,1.2611181814412895,186.043819812
376,1.2508714639633125,183.819504449
376,1.256489637684962,184.905997076
371,1.252859199201484,183.969520697
375,1.2429326046416167,185.158141112
377,1.2611762459450955,184.874456997
- physical 70_4
388,1.2629267351041549,191.878529711
372,1.264154745124598,184.347784292
381,1.242446988595013,186.118539575
378,1.2672251360729765,187.09433945
377,1.2611181814412895,185.97448943
376,1.2508714639633125,183.81321063
376,1.256489637684962,185.070746224
371,1.252859199201484,184.276633156
375,1.2429326046416167,184.18746299
377,1.2611762459450955,186.095827973
- physical 70_5
388,1.2629267351041549,190.913615785
372,1.264154745124598,184.209816229
381,1.242446988595013,186.35336048
378,1.2672251360729765,187.259447943
377,1.2611181814412895,185.629268809
376,1.2508714639633125,184.734569839
376,1.256489637684962,185.293089993
371,1.252859199201484,183.333900352
375,1.2429326046416167,184.821754651
377,1.2611762459450955,186.157160699
- physical 70_6
388,1.2629267351041549,192.18762099
372,1.264154745124598,183.034723632
381,1.242446988595013,185.668290823
378,1.2672251360729765,186.648844533
377,1.2611181814412895,186.360750927
376,1.2508714639633125,183.910798159
376,1.256489637684962,187.683106437
371,1.252859199201484,183.796114995
375,1.2429326046416167,184.371411778
377,1.2611762459450955,185.866041807
- physical 70_7
388,1.2629267351041549,190.75924755
372,1.264154745124598,183.415665894
381,1.242446988595013,185.141323333
378,1.2672251360729765,187.612291766
377,1.2611181814412895,184.6952818
376,1.2508714639633125,184.059561859
376,1.256489637684962,185.72354484
371,1.252859199201484,182.988810301
375,1.2429326046416167,184.884588343
377,1.2611762459450955,185.637885959
- physical 70_8
388,1.2629267351041549,190.388939448
372,1.264154745124598,184.400301446
381,1.242446988595013,185.703360777
378,1.2672251360729765,186.502148183
377,1.2611181814412895,185.230117316
376,1.2508714639633125,183.434310178
376,1.256489637684962,185.512884569
371,1.252859199201484,184.125160624
375,1.2429326046416167,185.093015414
377,1.2611762459450955,185.015436989
- physical 70_9
388,1.2629267351041549,191.827025586
372,1.264154745124598,183.764277175
381,1.242446988595013,186.417691379
378,1.2672251360729765,186.638250327
377,1.2611181814412895,184.80508934
376,1.2508714639633125,183.292926999
376,1.256489637684962,186.10856812
371,1.252859199201484,184.459509714
375,1.2429326046416167,184.367229426
377,1.2611762459450955,185.352714845
- physical 80_0
399,1.2374008843339737,258.851536237
400,1.2347285209525856,261.219074913
403,1.2318499580857967,260.085431396
403,1.2501774417447158,260.894416264
398,1.2345039848582844,258.250140646
404,1.2318538804158559,260.214824215
405,1.238189946364092,261.702645084
404,1.2384379478248408,261.171592712
402,1.2321870312020407,260.239116766
402,1.2470703356336437,261.943063399
- physical 80_1
399,1.2374008843339737,259.367104909
400,1.2347285209525856,260.637161887
403,1.2318499580857967,261.136475359
403,1.2501774417447158,260.239459781
398,1.2345039848582844,259.402840219
404,1.2318538804158559,261.937699745
405,1.238189946364092,261.827072365
404,1.2384379478248408,262.942358523
402,1.2321870312020407,260.459325066
402,1.2470703356336437,260.663947142
- physical 80_2
399,1.2374008843339737,258.925504789
400,1.2347285209525856,261.128138399
403,1.2318499580857967,260.450920007
403,1.2501774417447158,260.973759198
398,1.2345039848582844,258.461153005
404,1.2318538804158559,260.795995297
405,1.238189946364092,262.968307325
404,1.2384379478248408,261.163875882
402,1.2321870312020407,259.830180224
402,1.2470703356336437,261.451969861
- physical 80_3
399,1.2374008843339737,258.917084059
400,1.2347285209525856,260.584324663
403,1.2318499580857967,260.066834862
403,1.2501774417447158,261.41531375
398,1.2345039848582844,259.041431205
404,1.2318538804158559,261.074587001
405,1.238189946364092,263.354519414
404,1.2384379478248408,261.119406652
402,1.2321870312020407,259.404519372
402,1.2470703356336437,260.489328317
- physical 80_4
399,1.2374008843339737,257.618030922
400,1.2347285209525856,260.832510495
403,1.2318499580857967,260.697345584
403,1.2501774417447158,261.390762505
398,1.2345039848582844,258.463976283
404,1.2318538804158559,260.516763607
405,1.238189946364092,263.366147197
404,1.2384379478248408,261.777525899
402,1.2321870312020407,260.192175702
402,1.2470703356336437,261.247135481
- physical 80_5
399,1.2374008843339737,258.926380674
400,1.2347285209525856,260.680215033
403,1.2318499580857967,260.43830783
403,1.2501774417447158,261.417688323
398,1.2345039848582844,259.186122599
404,1.2318538804158559,260.887472613
405,1.238189946364092,262.13564526
404,1.2384379478248408,262.051425059
402,1.2321870312020407,259.742075419
402,1.2470703356336437,260.861588975
- physical 80_6
399,1.2374008843339737,259.886288238
400,1.2347285209525856,261.686773872
403,1.2318499580857967,259.609920861
403,1.2501774417447158,260.96212154
398,1.2345039848582844,258.922913546
404,1.2318538804158559,261.237195959
405,1.238189946364092,263.188096651
404,1.2384379478248408,263.172661599
402,1.2321870312020407,260.040160067
402,1.2470703356336437,260.869118232
- physical 80_7
399,1.2374008843339737,259.423909495
400,1.2347285209525856,261.101508328
403,1.2318499580857967,260.076382476
403,1.2501774417447158,260.96604734
398,1.2345039848582844,259.136999646
404,1.2318538804158559,260.390692746
405,1.238189946364092,261.394062905
404,1.2384379478248408,262.392884396
402,1.2321870312020407,259.360876148
402,1.2470703356336437,261.395294497
- physical 80_8
399,1.2374008843339737,258.875554101
400,1.2347285209525856,262.198566899
403,1.2318499580857967,260.307162838
403,1.2501774417447158,260.389834371
398,1.2345039848582844,260.425921245
404,1.2318538804158559,261.194927563
405,1.238189946364092,262.756957462
404,1.2384379478248408,262.654565518
402,1.2321870312020407,259.763694353
402,1.2470703356336437,260.639332218
- physical 80_9
399,1.2374008843339737,259.240645258
400,1.2347285209525856,262.289185609
403,1.2318499580857967,260.80008189
403,1.2501774417447158,260.947362317
398,1.2345039848582844,259.292397424
404,1.2318538804158559,260.639755433
405,1.238189946364092,262.009251444
404,1.2384379478248408,261.861264614
402,1.2321870312020407,260.4579873
402,1.2470703356336437,261.646140296
- physical 90_0
414,1.2297813562992364,347.755029203
421,1.2326915606566304,350.717069762
414,1.2283241028867058,346.628191899
417,1.2223019840037646,344.136126511
413,1.220563108520401,342.586075269
422,1.2366129137536332,350.903750282
415,1.224344027569722,345.152941317
419,1.2181440520934443,348.785947701
415,1.2328930845845578,346.75486848
418,1.2230280855498825,347.562841885
- physical 90_1
414,1.2297813562992364,346.823324459
421,1.2326915606566304,349.264656345
414,1.2283241028867058,346.717685389
417,1.2223019840037646,346.075710174
413,1.220563108520401,342.674474432
422,1.2366129137536332,350.650379562
415,1.224344027569722,345.485475663
419,1.2181440520934443,349.292698476
415,1.2328930845845578,345.944233052
418,1.2230280855498825,347.617071283
- physical 90_2
414,1.2297813562992364,347.508688778
421,1.2326915606566304,348.335100381
414,1.2283241028867058,348.15065849
417,1.2223019840037646,345.31190268
413,1.220563108520401,343.324244414
422,1.2366129137536332,350.62010593
415,1.224344027569722,345.464738728
419,1.2181440520934443,348.40080323
415,1.2328930845845578,347.34929178
418,1.2230280855498825,349.011558624
- physical 90_3
414,1.2297813562992364,347.12012959
421,1.2326915606566304,349.58055022
414,1.2283241028867058,348.27534971
417,1.2223019840037646,345.314840436
413,1.220563108520401,343.120055211
422,1.2366129137536332,352.300123313
415,1.224344027569722,345.586801579
419,1.2181440520934443,348.487233406
415,1.2328930845845578,346.894513907
418,1.2230280855498825,349.665992979
- physical 90_4
414,1.2297813562992364,347.488409848
421,1.2326915606566304,349.838275516
414,1.2283241028867058,347.24739728
417,1.2223019840037646,343.722972439
413,1.220563108520401,344.053782207
422,1.2366129137536332,350.595654263
415,1.224344027569722,344.962232687
419,1.2181440520934443,348.782843737
415,1.2328930845845578,346.786535468
418,1.2230280855498825,348.616646746
- physical 90_5
414,1.2297813562992364,346.945281936
421,1.2326915606566304,349.528148585
414,1.2283241028867058,346.448041712
417,1.2223019840037646,345.205877707
413,1.220563108520401,343.790742606
422,1.2366129137536332,349.260597644
415,1.224344027569722,345.190518192
419,1.2181440520934443,349.020727992
415,1.2328930845845578,346.633507002
418,1.2230280855498825,346.423551042
- physical 90_6
414,1.2297813562992364,347.400878748
421,1.2326915606566304,350.845800623
414,1.2283241028867058,347.139369575
417,1.2223019840037646,345.235192732
413,1.220563108520401,343.174728263
422,1.2366129137536332,349.825493268
415,1.224344027569722,344.900683084
419,1.2181440520934443,350.131907133
415,1.2328930845845578,346.2937301
418,1.2230280855498825,347.144247672
- physical 90_7
414,1.2297813562992364,347.906311352
421,1.2326915606566304,349.991514375
414,1.2283241028867058,345.894042069
417,1.2223019840037646,344.991619321
413,1.220563108520401,342.361839459
422,1.2366129137536332,349.827502572
415,1.224344027569722,345.082572549
419,1.2181440520934443,350.42362301
415,1.2328930845845578,348.647087705
418,1.2230280855498825,348.915810119
- physical 90_8
414,1.2297813562992364,348.315859719
421,1.2326915606566304,349.627528955
414,1.2283241028867058,347.553972055
417,1.2223019840037646,347.216713838
413,1.220563108520401,342.304430223
422,1.2366129137536332,350.663072343
415,1.224344027569722,344.665667136
419,1.2181440520934443,349.044323261
415,1.2328930845845578,345.665821826
418,1.2230280855498825,347.950210586
- physical 90_9
414,1.2297813562992364,349.449288594
421,1.2326915606566304,349.412530744
414,1.2283241028867058,346.683445188
417,1.2223019840037646,348.048891002
413,1.220563108520401,343.275372576
422,1.2366129137536332,351.646687128
415,1.224344027569722,345.251429602
419,1.2181440520934443,349.396867973
415,1.2328930845845578,347.09470886
418,1.2230280855498825,348.432068289
- physical 100_0
422,1.219224342337877,449.071838324
421,1.2142382921509447,444.884635442
418,1.2135978349462866,445.757997358
421,1.2112709089250973,448.44397666
426,1.2065898445382137,445.447916112
422,1.2160966278611545,447.699009056
421,1.2135937957802878,442.705029891
418,1.2031135996458147,441.708208056
421,1.2121469870340025,448.475365074
420,1.2154746587774719,448.574452196
- physical 100_1
422,1.219224342337877,448.9551752
421,1.2142382921509447,443.973567689
418,1.2135978349462866,441.445188636
421,1.2112709089250973,448.876693204
426,1.2065898445382137,443.952901547
422,1.2160966278611545,446.63076641
421,1.2135937957802878,444.177874174
418,1.2031135996458147,443.297186861
421,1.2121469870340025,447.967071794
420,1.2154746587774719,449.975852444
- physical 100_2
422,1.219224342337877,450.083649491
421,1.2142382921509447,447.164417059
418,1.2135978349462866,442.73930603
421,1.2112709089250973,448.128987246
426,1.2065898445382137,447.858536242
422,1.2160966278611545,450.222381742
421,1.2135937957802878,443.372283961
418,1.2031135996458147,442.984400865
421,1.2121469870340025,448.642380507
420,1.2154746587774719,450.127524502
- physical 100_3
422,1.219224342337877,449.835697763
421,1.2142382921509447,442.961848259
418,1.2135978349462866,442.541649199
421,1.2112709089250973,448.124664241
426,1.2065898445382137,447.332386466
422,1.2160966278611545,447.288806645
421,1.2135937957802878,441.820502292
418,1.2031135996458147,441.604642193
421,1.2121469870340025,447.526395146
420,1.2154746587774719,449.192672584
- physical 100_4
422,1.219224342337877,450.249178379
421,1.2142382921509447,444.219825367
418,1.2135978349462866,443.238407941
421,1.2112709089250973,448.363616877
426,1.2065898445382137,449.595403266
422,1.2160966278611545,448.03788631
421,1.2135937957802878,442.444766364
418,1.2031135996458147,441.844556061
421,1.2121469870340025,448.007072929
420,1.2154746587774719,449.653812254
- physical 100_5
422,1.219224342337877,450.986692324
421,1.2142382921509447,443.798437909
418,1.2135978349462866,443.972242441
421,1.2112709089250973,449.273698191
426,1.2065898445382137,446.854633631
422,1.2160966278611545,447.225366084
421,1.2135937957802878,443.72874676
418,1.2031135996458147,441.988198831
421,1.2121469870340025,448.076144431
420,1.2154746587774719,448.655012378
- physical 100_6
422,1.219224342337877,449.051169535
421,1.2142382921509447,444.892619586
418,1.2135978349462866,442.276317349
421,1.2112709089250973,447.645852719
426,1.2065898445382137,447.198594095
422,1.2160966278611545,447.102222626
421,1.2135937957802878,443.027072866
418,1.2031135996458147,441.244036816
421,1.2121469870340025,447.394384682
420,1.2154746587774719,448.83251264
- physical 100_7
422,1.219224342337877,450.20171385
421,1.2142382921509447,445.162179377
418,1.2135978349462866,443.403085858
421,1.2112709089250973,448.75630317
426,1.2065898445382137,445.761296979
422,1.2160966278611545,446.129662546
421,1.2135937957802878,442.518307157
418,1.2031135996458147,442.071829599
421,1.2121469870340025,448.671911571
420,1.2154746587774719,448.704092985
- physical 100_8
422,1.219224342337877,450.625850498
421,1.2142382921509447,445.335853296
418,1.2135978349462866,444.649336631
421,1.2112709089250973,446.714166709
426,1.2065898445382137,447.437219962
422,1.2160966278611545,448.55035545
421,1.2135937957802878,442.660228549
418,1.2031135996458147,442.040353074
421,1.2121469870340025,446.791586026
420,1.2154746587774719,450.513824289
- physical 100_9
422,1.219224342337877,450.83477289
421,1.2142382921509447,444.34033328
418,1.2135978349462866,443.895146703
421,1.2112709089250973,448.064260324
426,1.2065898445382137,446.765929049
422,1.2160966278611545,448.817490541
421,1.2135937957802878,445.272145808
418,1.2031135996458147,444.123108376
421,1.2121469870340025,449.008006852
420,1.2154746587774719,447.115226274
**************************** Variate BW in Complet graph 500 slices l=3  N=5
- bw -15
500,1.4671992066237836,332.964038781
500,1.4735634327627989,339.326607611
500,1.4688048165557954,333.522465366
500,1.481790193981087,330.901512184
500,1.4791372246259522,333.0364159
500,1.487435760113718,333.141687814
500,1.4737863576090515,332.728506666
500,1.4882962821078178,334.635146498
500,1.4883830772878444,334.986910149
500,1.4678954001105737,334.815179593
- bw -20
500,1.4582481566700682,333.458679551
500,1.4629706621641072,334.709482516
499,1.4669844877106548,332.01923891
500,1.4636159639148079,336.210065358
500,1.4679502081519862,335.907900098
500,1.4584740866601542,333.927577105
500,1.4571770134753044,333.735303326
499,1.4582311962299415,333.236369168
500,1.4580200300318946,334.847147522
499,1.4547014419824935,333.730160702
- bw -25
500,1.4617309436894377,341.353741558
500,1.464158691300958,338.717132515
500,1.4586050611522703,340.120830929
500,1.459721680291097,337.174935134
500,1.4677873839580469,340.623955634
500,1.4512652124256775,339.135918978
500,1.462336504403252,340.942423772
500,1.4640037779847337,341.175203947
500,1.4582843266066552,338.965654303
500,1.4492753905071305,339.222859504
- bw -30
500,1.4462985840259548,344.940304882
500,1.4479333365888105,342.095926801
500,1.4407811740192757,340.810925913
500,1.442904899883363,343.77899495
500,1.444489451515341,344.38427145
500,1.4134085155870741,340.657186489
500,1.4314584656932567,342.803733995
500,1.450406002014281,342.605746521
500,1.4398480959525728,343.982562851
500,1.4317612310875465,341.776408671
- bw -35
500,1.425058936164778,344.511646904
499,1.4233723630170636,344.327556199
500,1.4044879943710986,341.690599355
500,1.4184734161801684,343.808164966
500,1.4211942592352689,344.915253545
500,1.4155993744016957,343.76601828
500,1.4036950384960842,343.451416065
499,1.4176006318172354,343.630705731
500,1.4119247093615945,343.208877269
500,1.409660238622053,344.12965343
- bw -40
500,1.4083647797487777,349.78629635
499,1.4144982530777666,350.402987404
500,1.4012083940615476,349.179258898
500,1.394427834982819,351.46260265
500,1.4113748614686785,351.794059788
500,1.3964964246571276,350.296743423
500,1.3954389283612256,351.177419107
500,1.400205156227175,349.040248406
500,1.4076752638759717,351.863124119
500,1.3975635293637712,349.122594903
***************** Variate CPU 
- cpu -15
487,1.3687005015285332,292.180313688
489,1.35267282956641,291.837129507
488,1.366209341792838,294.338774814
489,1.3633024876569175,293.1092306
489,1.3568657533655195,292.08294529
488,1.3601274252373097,293.887410722
488,1.3504109679849994,293.49301209
490,1.3498890541545372,292.922747088
488,1.373014993188573,293.711678944
488,1.3619358930715935,292.337160614
- cpu -20
480,1.3279587943751925,283.07310349
482,1.3323445606343345,282.786516313
482,1.324305748599,282.000757845
481,1.3181126734601523,280.773901555
481,1.323619558938582,282.244734871
480,1.33004456060063,281.525675499
482,1.336011792455698,283.975931825
480,1.3310565720378584,281.733722107
479,1.3199189322087492,279.563569091
478,1.3284312067412434,278.118275433
- cpu -25
466,1.3007456189680937,266.802635888
465,1.2908150576616944,267.426533065
464,1.2895799234191132,266.547955342
467,1.2866078123014368,267.478337344
465,1.2860493776025133,263.839248912
463,1.3003225737504727,265.311599749
464,1.2906019601028622,265.054889108
469,1.3020228080953349,270.730916905
465,1.2984326096316368,269.38085265
465,1.2988622403916577,267.386716628
- cpu -30
423,1.2424934960613363,234.026504214
421,1.2231373114132313,233.177396899
418,1.246661403022304,233.809437806
417,1.2360629378272976,230.235348065
425,1.2409043578476975,240.512728989
418,1.2432530944703073,232.896727605
423,1.2470615419845623,236.764214302
420,1.2453715462411445,233.556447072
423,1.2489152823561445,234.546264984
419,1.2443157572043257,233.863910943
- cpu -35
383,1.2119280979216338,212.979167361
388,1.2068592187889302,213.504934208
387,1.223048013101913,217.804507122
391,1.205218619811374,218.762575854
387,1.1993101928440395,215.91648254
391,1.2154427402677839,217.76410834
383,1.2089987157034647,212.315496689
389,1.2020744078225205,213.409739146
390,1.2172857425738357,217.058446594
385,1.206761324082692,216.492144664
- cpu -40
312,1.182174952166172,179.64794375
312,1.1766268261493338,180.856875412
313,1.1833865618469286,180.378714161
309,1.1823056070783762,179.343542838
312,1.1790409715274384,180.679011227
308,1.1828216952938784,179.846427285
306,1.1719161531458955,176.131836829
318,1.1791317503353977,181.348255481
310,1.1803422763065607,179.96279632
321,1.1760977478386678,184.504993378
***************** Variate CPU & BW
- ressources -15
491,1.355715353105711,299.910276476
491,1.3597404972215894,301.288465024
492,1.3498177189713805,301.80553908
491,1.3476076390665177,300.276592734
492,1.3482017933953399,300.056110867
492,1.3531938308421647,300.265295196
491,1.3565976797611614,301.193439682
490,1.354573540086116,299.048867853
492,1.3460490580568165,299.933949847
492,1.3576072189113821,298.872296818
- ressources -20
474,1.27617196207543,277.335797145
474,1.2780525777212657,277.764904521
473,1.275191460548675,276.189807933
472,1.271865462543166,275.364630042
473,1.2645942406020245,274.0747492
472,1.2758142209611028,275.265497999
475,1.268027654429701,277.580937657
471,1.2714630100212625,275.308781728
472,1.273515023944236,274.248507294
473,1.265865704539952,272.656098018
- ressources -25
460,1.2402420955954114,266.779561404
460,1.2450678150188494,267.374606881
456,1.2349529658552332,263.663811983
460,1.244120578516164,267.957959827
458,1.2385569594907604,268.370999526
456,1.241101964155289,266.519190663
461,1.2412804249175418,271.092938608
460,1.2237632084388994,265.238254738
461,1.2328443281046153,267.79821859
460,1.2379526868157853,266.431943602
- ressources -30
409,1.1743205419920684,238.103009552
415,1.1744420142150742,239.91661262
409,1.1800065307441252,237.544300368
416,1.1797497841303803,240.134145038
415,1.1721107910220414,241.437067268
415,1.170899059784905,240.140319633
409,1.1667728931119685,239.273401932
419,1.167632448573247,242.088434541
413,1.1767635952738629,238.987827258
411,1.1781875606821923,236.795900897
- ressources -35
382,1.147868167837097,225.140757418
384,1.1544351818777716,226.094837931
380,1.1511448339955883,225.196659144
375,1.14929268315027,220.169537348
384,1.150306518837359,226.759138575
379,1.1334615139880155,223.720665735
377,1.1460925895573257,223.142728938
384,1.1510492395677765,225.548190677
384,1.1513623801284085,227.214323305
386,1.1469792571245536,227.45221567
- ressources -40
290,1.1032510109262117,181.26705884
287,1.1050199913224665,181.606342136
295,1.1073464709226444,187.507030182
287,1.1018753138731123,183.556333336
292,1.1012315096969627,185.567248358
286,1.0980871406706734,181.706860309
292,1.1032485982110358,184.143186903
293,1.1053153983127346,185.323928972
278,1.108578838240964,178.911815525
288,1.1093804889785424,182.240634327
