**************************** NRPA-DL 500 slices graphe complet l=3  N=5
- lambda 0.02
500,1.0078740526023304,281.649904132
500,1.005721549168282,305.476951037
500,1.0062706488784054,284.350008041
500,1.008264102692334,247.473193273
500,1.00884927109537,249.115706979
500,1.0078035998576542,249.345158129
500,1.0072971229199503,248.615770079
500,1.0073251298558117,248.808519603
500,1.0078386909112684,248.97111532
500,1.006020270130556,245.147536205
- lambda 0.03
484,1.0074118406129273,216.90962266
486,1.0088424064866803,219.366938584
483,1.0063251578091568,218.949925036
485,1.0068047484684164,217.94593129
486,1.0053273082938348,217.14851279
486,1.0075276132826103,219.793899884
487,1.0057491615698435,216.541258633
485,1.0071283348942643,214.602702324
485,1.0064663583201885,217.623936018
484,1.0072369552655864,214.86618281
- lambda 0.04
438,1.0073285627929844,193.252677601
442,1.0058572445686293,195.000195542
447,1.0064214893014478,196.525787839
440,1.0061854150249159,194.513760426
443,1.006331982673455,194.054468717
442,1.0065105363515965,195.053204552
438,1.0064229871974872,192.678313369
442,1.0064670742725543,196.146459884
441,1.006006958545226,196.113386246
443,1.0064874024213086,196.584228767
- lambda 0.045
420,1.0060796703403523,187.035014598
423,1.0060518323836085,188.551482145
416,1.006551310441206,189.109385422
416,1.0071527926039474,187.883567213
422,1.0083191095874091,187.572536063
425,1.0073566500723752,190.249750769
412,1.0063101437994717,186.048863563
420,1.0057370771241478,187.966082071
422,1.0076579141654705,188.782996289
420,1.0069206767908776,185.102269856
- lambda 0.05
393,1.0066680291632377,177.910160201
398,1.006118691624482,179.750505746
396,1.0073505743253672,177.474615191
396,1.0065777652474976,177.337104494
398,1.0069448186243537,179.795901511
394,1.0068530695964457,179.06306982
400,1.005841740248572,182.285739615
400,1.0070439784536434,180.637221256
399,1.0056309133006505,178.942801016
386,1.0060576171884825,177.340150567
- lambda 0.055
374,1.0067766182871711,169.413371056
362,1.006318347141353,167.197056691
374,1.0073300295270977,170.787990524
370,1.0090963262167332,170.298781176
368,1.0067669861014494,170.667221712
368,1.008085059475485,169.047673873
364,1.0094811826376595,167.651895981
372,1.007218123399815,172.802463005
372,1.0084440104035053,169.118788616
363,1.0074364329735883,167.827163024
- lambda 0.06
343,1.0084750481584697,160.621929227
343,1.0087125336307357,163.647503035
355,1.0084978437898542,165.381104581
345,1.006940987239619,163.026808212
344,1.0055066617916752,161.994985321
342,1.0041518272132486,160.449463406
341,1.0074625257899272,161.390761466
346,1.0092382483381859,162.427562499
342,1.006921244309679,162.257759227
341,1.007762499747803,160.080487171
- lambda 0.065
307,1.0099849774742218,152.656357001
317,1.0089363855476567,156.041141439
315,1.0073695805484806,153.119532652
324,1.0066155344869596,157.116485294
318,1.0054199972391,155.802750252
310,1.0063166684781462,152.575290178
324,1.0076385079671237,155.80589698
317,1.0084053825210426,152.840719206
310,1.0069130747357031,151.711163769
323,1.0062048576104452,155.59919124
- lambda 0.07
307,1.0085007728107924,150.658247955
318,1.0062081836868173,155.868013222
319,1.0073026773748737,155.190159801
322,1.005449079284943,154.341638612
318,1.0080502614739184,153.773806001
305,1.0073538080298055,150.809694294
316,1.0060491808152856,151.577636718
309,1.0042258927665122,151.044984227
316,1.005543552962823,153.716457651
307,1.0059500708826292,150.01612655
- lambda 0.075
297,1.0069095643466746,145.526752726
294,1.0053952893639715,147.35237822
297,1.0064096773925688,147.008891916
281,1.005470427948204,145.65227899
291,1.006776844101282,146.049636751
292,1.0071839655392312,145.456072625
294,1.0104547346814616,146.640803904
301,1.007099190889535,149.065280726
302,1.0070735389189778,146.729186465
286,1.0055106217970287,146.756111727
- lambda 0.08
276,1.0078658455179739,141.000653959
274,1.0077100329061146,141.19385937
278,1.0057089860242998,140.334743974
270,1.0074712299874777,138.940988925
265,1.008467451197031,140.435942873
278,1.0044357122281893,143.812859153
279,1.0056473099642989,141.226085774
261,1.006094463599023,137.878671535
273,1.0084200130944163,139.196586183
279,1.0076711490400854,141.504940779
************************************************************
- taille 1
500,1.0066837805697564,241.465576287
500,1.0064336498294437,239.564088949
500,1.0059179974894317,239.755733276
500,1.0084752583820018,240.355226467
500,1.0083160602378198,239.79106769
500,1.0068816012888615,238.810367016
500,1.0069207181441164,238.931948575
500,1.007797050124887,237.796951301
500,1.0065794936636947,240.779423308
500,1.006756025734028,238.702267278
- taille 2
500,1.0065428290440008,246.303529433
500,1.006815906732561,246.721605977
500,1.0061282545238763,248.600106163
500,1.0094541739700555,248.289694258
500,1.0072208511815988,244.265954155
500,1.0068235597807818,246.946766019
500,1.0065252866908,244.036708253
500,1.0067216751163035,245.500273778
500,1.006126404015746,248.571931123
500,1.0072056124365287,245.566889712
- taille 3
496,1.006935683531704,249.965180606
496,1.0069045782976427,249.625070984
496,1.0071533943892643,249.922829115
497,1.006627513206658,246.415434853
496,1.007070687756141,245.812656924
495,1.0064938562652501,244.405246723
497,1.0061698800635073,245.382730308
496,1.0079319678160086,250.106387812
496,1.007117914504728,249.181630143
496,1.0087747950394912,250.794633869
- taille 4
489,1.0063375013218285,251.532359656
488,1.0072622702616438,250.174333599
487,1.0071284686142978,250.829120689
489,1.0053479529323501,251.006844797
486,1.005488051341513,252.11982001
487,1.0059487943387584,252.935111155
488,1.0058206898471431,251.646179007
489,1.0067403318739754,252.900336382
487,1.0073234300200362,250.893174593
488,1.0074685301835467,253.066461416
- taille 5
487,1.0055198754700152,260.791068556
488,1.0063671470231126,261.863888874
485,1.0057674671560235,260.037496501
485,1.0080449313407713,260.069970679
485,1.0064498059641303,262.470302909
486,1.0057664692200596,261.151394135
487,1.0065828032776145,261.744709654
487,1.0057689664574956,262.771868899
486,1.006744763101214,263.168115975
485,1.0055112197635745,261.819689473
- taille 6
477,1.005993298673194,262.073036132
478,1.0064400335923314,262.629377566
478,1.0058006728448328,260.913309378
477,1.0061870229822691,260.64071847
478,1.0073578545244755,262.736761238
479,1.0063373402740656,261.421616083
477,1.0054800691611145,262.017656225
479,1.005394123704352,260.24254228
477,1.0067553398042537,260.421106423
479,1.0063668240696126,260.037758716
- taille 7
469,1.0069431706493772,262.364554137
473,1.0073952560429131,263.532042217
470,1.00697376094563,264.27754078
472,1.007216842872834,264.498478668
472,1.007008623182879,265.749238569
470,1.006346996708578,263.636484743
469,1.0064257077281995,259.532607266
473,1.0058519888481698,261.089898145
471,1.0054724242010036,263.451049868
469,1.0067376418404905,260.587545872
- taille 8
459,1.005865145738203,260.555315043
455,1.0055699521758887,259.595730717
460,1.0060696647484852,260.303650642
453,1.0057676756015264,261.931761278
457,1.0058790209054187,262.04172376
458,1.0058019677710752,264.638542678
457,1.006215719151126,264.014832027
460,1.0068151937359384,259.73226336
457,1.0055959685093059,263.751756201
456,1.0061818308677295,260.366297641
- taille 9
449,1.0062318841519196,263.487499147
450,1.006375315185288,264.417325858
452,1.0066331283313703,264.156977355
448,1.0066925638792932,264.837675171
454,1.005998871405482,266.40915395
448,1.0059769316935991,261.386324219
454,1.0061654016604116,264.759439616
452,1.0046028695630922,265.870155993
451,1.0065406267826602,271.577475079
451,1.0057321715095997,270.534155105
- taille 10
433,1.0074458658902778,265.495652382
428,1.0052289617544206,269.361042084
432,1.0059636452069622,266.976905006
431,1.0056533125024427,250.33144652
433,1.0047669466661964,249.764912483
430,1.004721127174778,245.467529033
429,1.0071930931508257,247.011940493
429,1.0067830199777703,245.932392244
433,1.006077093983715,248.583018674
431,1.0054059317300343,248.693995418
************************************************************
- physical 50_0
320,1.012243892157065,67.830844256
321,1.010081192715083,67.382566608
325,1.0105053535068587,68.155286802
317,1.0088583470477666,66.846462126
327,1.0089191088691534,68.536061382
332,1.009149544648583,69.752791049
327,1.0123179668553894,68.08721976
319,1.0127457948491536,66.854076498
326,1.0091443539089902,68.143190693
327,1.0075180921941322,67.693466818
- physical 50_1
320,1.012243892157065,67.496685376
321,1.010081192715083,67.121099054
325,1.0105053535068587,68.088896602
317,1.0088583470477666,66.48162564
327,1.0089191088691534,68.476045548
332,1.009149544648583,69.818546957
327,1.0123179668553894,68.267004287
319,1.0127457948491536,67.647386746
326,1.0091443539089902,68.298399424
327,1.0075180921941322,67.578003219
- physical 50_2
320,1.012243892157065,67.548191173
321,1.010081192715083,66.841044176
325,1.0105053535068587,68.549706647
317,1.0088583470477666,67.370940701
327,1.0089191088691534,68.269545266
332,1.009149544648583,69.061566666
327,1.0123179668553894,68.21218263
319,1.0127457948491536,66.609676688
326,1.0091443539089902,68.319910332
327,1.0075180921941322,67.695727545
- physical 50_3
320,1.012243892157065,67.421837641
321,1.010081192715083,67.154029173
325,1.0105053535068587,68.02973204
317,1.0088583470477666,66.973435319
327,1.0089191088691534,68.682712736
332,1.009149544648583,68.909953828
327,1.0123179668553894,67.792927473
319,1.0127457948491536,66.743850573
326,1.0091443539089902,68.60139445
327,1.0075180921941322,67.18529513
- physical 50_4
320,1.012243892157065,67.215322901
321,1.010081192715083,67.254967065
325,1.0105053535068587,67.793497684
317,1.0088583470477666,67.126269099
327,1.0089191088691534,69.640464274
332,1.009149544648583,69.016027404
327,1.0123179668553894,67.696776992
319,1.0127457948491536,67.399937287
326,1.0091443539089902,68.142591501
327,1.0075180921941322,67.179993056
- physical 50_5
320,1.012243892157065,67.552179332
321,1.010081192715083,67.156094562
325,1.0105053535068587,67.827070535
317,1.0088583470477666,66.883719234
327,1.0089191088691534,69.331535971
332,1.009149544648583,69.227134721
327,1.0123179668553894,67.216135309
319,1.0127457948491536,67.194570112
326,1.0091443539089902,68.360573146
327,1.0075180921941322,66.812530208
- physical 50_6
320,1.012243892157065,67.847804809
321,1.010081192715083,67.321580603
325,1.0105053535068587,68.074196405
317,1.0088583470477666,66.345913181
327,1.0089191088691534,68.921953467
332,1.009149544648583,69.118062295
327,1.0123179668553894,67.465976263
319,1.0127457948491536,67.060564113
326,1.0091443539089902,68.376443323
327,1.0075180921941322,67.218128796
- physical 50_7
320,1.012243892157065,67.728292303
321,1.010081192715083,66.055446791
325,1.0105053535068587,67.461311366
317,1.0088583470477666,66.978438162
327,1.0089191088691534,68.218347925
332,1.009149544648583,68.850213912
327,1.0123179668553894,67.205528662
319,1.0127457948491536,67.144480408
326,1.0091443539089902,68.113123296
327,1.0075180921941322,67.330201526
- physical 50_8
320,1.012243892157065,67.895206228
321,1.010081192715083,65.699921596
325,1.0105053535068587,67.475605074
317,1.0088583470477666,66.9995411
327,1.0089191088691534,68.289700709
332,1.009149544648583,69.7957122
327,1.0123179668553894,67.271839779
319,1.0127457948491536,66.686942359
326,1.0091443539089902,68.199035197
327,1.0075180921941322,67.558276217
- physical 50_9
320,1.012243892157065,67.599212835
321,1.010081192715083,67.360587909
325,1.0105053535068587,67.495806891
317,1.0088583470477666,66.908039978
327,1.0089191088691534,68.761396166
332,1.009149544648583,69.525052426
327,1.0123179668553894,67.218916856
319,1.0127457948491536,66.629169966
326,1.0091443539089902,69.242770434
327,1.0075180921941322,67.391961441
- physical 60_0
365,1.0091807505170414,99.122598785
367,1.0076172783037851,101.658725767
366,1.0090476836304938,100.055445684
370,1.0072979892057483,101.445336699
362,1.0069196688952777,101.055369183
367,1.0097844729367726,100.352661581
358,1.0078237441997226,99.037076174
365,1.0098680564389402,99.56464739
356,1.0085850036782835,99.752198757
357,1.0105184446391022,99.055637288
- physical 60_1
365,1.0091807505170414,99.627854354
367,1.0076172783037851,102.702712869
366,1.0090476836304938,102.199840143
370,1.0072979892057483,101.262789974
362,1.0069196688952777,99.425922955
367,1.0097844729367726,100.618209311
358,1.0078237441997226,99.061798429
365,1.0098680564389402,100.181414684
356,1.0085850036782835,98.636423164
357,1.0105184446391022,98.275311408
- physical 60_2
365,1.0091807505170414,99.837799103
367,1.0076172783037851,101.117078524
366,1.0090476836304938,99.606697485
370,1.0072979892057483,99.866514614
362,1.0069196688952777,100.214074763
367,1.0097844729367726,100.459921848
358,1.0078237441997226,98.733529272
365,1.0098680564389402,99.213739044
356,1.0085850036782835,99.501443385
357,1.0105184446391022,99.111072098
- physical 60_3
365,1.0091807505170414,98.258485446
367,1.0076172783037851,100.683394787
366,1.0090476836304938,100.425109015
370,1.0072979892057483,101.500476455
362,1.0069196688952777,100.048308984
367,1.0097844729367726,99.683048023
358,1.0078237441997226,103.235728599
365,1.0098680564389402,100.886081902
356,1.0085850036782835,98.555864332
357,1.0105184446391022,97.79510037
- physical 60_4
365,1.0091807505170414,99.432333559
367,1.0076172783037851,100.878768308
366,1.0090476836304938,99.877002769
370,1.0072979892057483,101.294759836
362,1.0069196688952777,99.823169476
367,1.0097844729367726,99.825645794
358,1.0078237441997226,98.988555285
365,1.0098680564389402,99.998772892
356,1.0085850036782835,99.065055611
357,1.0105184446391022,98.601356673
- physical 60_5
365,1.0091807505170414,100.880069551
367,1.0076172783037851,107.118592238
366,1.0090476836304938,106.02931494
370,1.0072979892057483,107.612081115
362,1.0069196688952777,108.5562212
367,1.0097844729367726,109.04888482
358,1.0078237441997226,107.028026585
365,1.0098680564389402,108.958681003
356,1.0085850036782835,107.928069983
357,1.0105184446391022,106.957341504
- physical 60_6
365,1.0091807505170414,108.4760417
367,1.0076172783037851,109.84084863
366,1.0090476836304938,109.091483064
370,1.0072979892057483,108.76158132
362,1.0069196688952777,107.557968483
367,1.0097844729367726,109.02511505
358,1.0078237441997226,108.665465227
365,1.0098680564389402,107.522592257
356,1.0085850036782835,107.325267273
357,1.0105184446391022,107.41028166
- physical 60_7
365,1.0091807505170414,108.770643552
367,1.0076172783037851,105.86115417
366,1.0090476836304938,100.098867692
370,1.0072979892057483,100.865439701
362,1.0069196688952777,100.047376765
367,1.0097844729367726,100.176570953
358,1.0078237441997226,98.080942341
365,1.0098680564389402,100.075477782
356,1.0085850036782835,98.405941027
357,1.0105184446391022,98.291125609
- physical 60_8
365,1.0091807505170414,98.95399778
367,1.0076172783037851,100.82475703
366,1.0090476836304938,101.302340655
370,1.0072979892057483,101.759382172
362,1.0069196688952777,99.230728769
367,1.0097844729367726,100.291210642
358,1.0078237441997226,98.863082008
365,1.0098680564389402,100.311032987
356,1.0085850036782835,98.278468688
357,1.0105184446391022,99.453241562
- physical 60_9
365,1.0091807505170414,98.528507235
367,1.0076172783037851,101.374689683
366,1.0090476836304938,99.916449617
370,1.0072979892057483,100.694126307
362,1.0069196688952777,99.453443409
367,1.0097844729367726,99.941737327
358,1.0078237441997226,98.520963804
365,1.0098680564389402,98.928886377
356,1.0085850036782835,98.671364649
357,1.0105184446391022,99.269196352
- physical 70_0
373,1.0071489099554243,134.857839285
370,1.005829195161179,132.393298538
373,1.0079205203138268,135.475493068
374,1.0069439570889467,135.08109697
382,1.0048083097704472,136.442227548
380,1.0061707737569627,137.045002881
375,1.0056452222441683,135.071532234
377,1.0063775437421458,136.290569454
377,1.0088555810049662,136.132094465
377,1.0065101727229513,135.50941333
- physical 70_1
373,1.0071489099554243,134.065943697
370,1.005829195161179,133.092119145
373,1.0079205203138268,135.017780183
374,1.0069439570889467,134.580239861
382,1.0048083097704472,138.246324504
380,1.0061707737569627,136.603873975
375,1.0056452222441683,135.278546305
377,1.0063775437421458,135.730541358
377,1.0088555810049662,136.481783178
377,1.0065101727229513,136.633504672
- physical 70_2
373,1.0071489099554243,134.456520214
370,1.005829195161179,133.099670267
373,1.0079205203138268,134.586096546
374,1.0069439570889467,134.158124554
382,1.0048083097704472,138.558154978
380,1.0061707737569627,137.150763718
375,1.0056452222441683,134.68714631
377,1.0063775437421458,136.67315414
377,1.0088555810049662,136.641818262
377,1.0065101727229513,137.692281525
- physical 70_3
373,1.0071489099554243,135.150256581
370,1.005829195161179,133.259869199
373,1.0079205203138268,134.555750149
374,1.0069439570889467,134.855377293
382,1.0048083097704472,137.740344827
380,1.0061707737569627,138.392864842
375,1.0056452222441683,134.766716222
377,1.0063775437421458,136.568299466
377,1.0088555810049662,137.965625015
377,1.0065101727229513,135.984179135
- physical 70_4
373,1.0071489099554243,134.777342596
370,1.005829195161179,132.637764198
373,1.0079205203138268,135.298139493
374,1.0069439570889467,135.376121957
382,1.0048083097704472,139.405840688
380,1.0061707737569627,137.765902812
375,1.0056452222441683,135.256984224
377,1.0063775437421458,136.90846439
377,1.0088555810049662,136.056801134
377,1.0065101727229513,137.171276056
- physical 70_5
373,1.0071489099554243,135.045516969
370,1.005829195161179,133.671448712
373,1.0079205203138268,135.350373149
374,1.0069439570889467,135.807286903
382,1.0048083097704472,137.843861125
380,1.0061707737569627,137.794923249
375,1.0056452222441683,138.031625309
377,1.0063775437421458,138.211051546
377,1.0088555810049662,138.33333085
377,1.0065101727229513,138.050421426
- physical 70_6
373,1.0071489099554243,135.376919664
370,1.005829195161179,135.855949898
373,1.0079205203138268,137.351988487
374,1.0069439570889467,136.887351934
382,1.0048083097704472,139.799724331
380,1.0061707737569627,140.05767587
375,1.0056452222441683,136.740599468
377,1.0063775437421458,139.174438161
377,1.0088555810049662,136.442584042
377,1.0065101727229513,138.798345106
- physical 70_7
373,1.0071489099554243,137.464294086
370,1.005829195161179,134.178438611
373,1.0079205203138268,136.910170809
374,1.0069439570889467,192.899975687
382,1.0048083097704472,197.365785989
380,1.0061707737569627,200.981442262
375,1.0056452222441683,170.111010669
377,1.0063775437421458,135.909208488
377,1.0088555810049662,137.042785812
377,1.0065101727229513,137.520678841
- physical 70_8
373,1.0071489099554243,136.381978703
370,1.005829195161179,134.564478811
373,1.0079205203138268,137.51583938
374,1.0069439570889467,136.25229496
382,1.0048083097704472,139.416956077
380,1.0061707737569627,139.662371599
375,1.0056452222441683,137.930628635
377,1.0063775437421458,138.263325327
377,1.0088555810049662,137.501063986
377,1.0065101727229513,138.629969265
- physical 70_9
373,1.0071489099554243,136.882930878
370,1.005829195161179,134.103875659
373,1.0079205203138268,163.550736199
374,1.0069439570889467,195.014306133
382,1.0048083097704472,198.412234414
380,1.0061707737569627,197.120052836
375,1.0056452222441683,162.92399584
377,1.0063775437421458,136.474455321
377,1.0088555810049662,138.240687948
377,1.0065101727229513,139.879727228
- physical 80_0
398,1.0051866198668908,194.140086527
400,1.007794620231329,192.432984203
401,1.0057188671522737,193.742277677
405,1.0075990566402593,196.129929396
396,1.0058343466566662,194.153620702
396,1.0059578434929484,192.288594343
399,1.0048510618032134,192.186030117
397,1.0056263588553123,194.162067581
398,1.006295651093109,194.682871248
397,1.005733283364781,191.674366706
- physical 80_1
398,1.0051866198668908,195.294282436
400,1.007794620231329,192.655316582
401,1.0057188671522737,259.714038178
405,1.0075990566402593,278.562370029
396,1.0058343466566662,238.75277955
396,1.0059578434929484,193.866569412
399,1.0048510618032134,188.967686006
397,1.0056263588553123,193.165039434
398,1.006295651093109,195.673079137
397,1.005733283364781,191.544067245
- physical 80_2
398,1.0051866198668908,192.770044167
400,1.007794620231329,193.268037536
401,1.0057188671522737,192.497824711
405,1.0075990566402593,193.908181077
396,1.0058343466566662,192.544289798
396,1.0059578434929484,193.809570814
399,1.0048510618032134,194.377476531
397,1.0056263588553123,193.659344074
398,1.006295651093109,199.213346308
397,1.005733283364781,193.268225087
- physical 80_3
398,1.0051866198668908,196.560961672
400,1.007794620231329,197.971293312
401,1.0057188671522737,231.441516843
405,1.0075990566402593,282.395765439
396,1.0058343466566662,263.966355663
396,1.0059578434929484,195.915422199
399,1.0048510618032134,193.722311402
397,1.0056263588553123,194.704356431
398,1.006295651093109,196.764164925
397,1.005733283364781,194.814976901
- physical 80_4
398,1.0051866198668908,195.353416386
400,1.007794620231329,196.369449555
401,1.0057188671522737,193.970091834
405,1.0075990566402593,195.888935196
396,1.0058343466566662,194.690327892
396,1.0059578434929484,195.876138341
399,1.0048510618032134,195.115603591
397,1.0056263588553123,195.127806397
398,1.006295651093109,212.06137174
397,1.005733283364781,274.683487194
- physical 80_5
398,1.0051866198668908,279.68431106
400,1.007794620231329,219.117106171
401,1.0057188671522737,193.975429759
405,1.0075990566402593,198.081825945
396,1.0058343466566662,198.009380241
396,1.0059578434929484,193.051685086
399,1.0048510618032134,194.660476548
397,1.0056263588553123,195.594748598
398,1.006295651093109,194.637338293
397,1.005733283364781,192.380339395
- physical 80_6
398,1.0051866198668908,195.276029411
400,1.007794620231329,197.520490579
401,1.0057188671522737,194.41835795
405,1.0075990566402593,199.066816845
396,1.0058343466566662,197.036472209
396,1.0059578434929484,194.461028415
399,1.0048510618032134,257.948069417
397,1.0056263588553123,277.477020016
398,1.006295651093109,242.224674494
397,1.005733283364781,195.617770632
- physical 80_7
398,1.0051866198668908,195.859012036
400,1.007794620231329,194.295554386
401,1.0057188671522737,195.082616296
405,1.0075990566402593,197.223198025
396,1.0058343466566662,196.139700788
396,1.0059578434929484,194.333438138
399,1.0048510618032134,194.815596113
397,1.0056263588553123,193.210960232
398,1.006295651093109,196.691842815
397,1.005733283364781,195.330007461
- physical 80_8
398,1.0051866198668908,195.163852121
400,1.007794620231329,193.778378116
401,1.0057188671522737,247.124510416
405,1.0075990566402593,279.332597748
396,1.0058343466566662,254.846192318
396,1.0059578434929484,192.296455048
399,1.0048510618032134,193.924842352
397,1.0056263588553123,195.62535092
398,1.006295651093109,196.50222002
397,1.005733283364781,194.325805103
- physical 80_9
398,1.0051866198668908,194.654905644
400,1.007794620231329,193.186109101
401,1.0057188671522737,194.204652356
405,1.0075990566402593,196.332792571
396,1.0058343466566662,194.338631608
396,1.0059578434929484,194.441967739
399,1.0048510618032134,272.917401872
397,1.0056263588553123,276.52734563
398,1.006295651093109,245.279200805
397,1.005733283364781,192.301800025
- physical 90_0
410,1.005911586723172,249.936946354
414,1.0050264754034157,249.133414356
413,1.006186418351239,247.746729683
413,1.0059197513718208,250.454885613
415,1.0054195132770616,253.88962571
417,1.0051802322181203,246.359793471
411,1.0053344950242187,255.553085388
412,1.0046718624450144,248.940999864
410,1.0060952817057764,348.082112788
415,1.0061042040800372,357.127718896
- physical 90_1
410,1.005911586723172,253.69733831
414,1.0050264754034157,245.809671381
413,1.006186418351239,247.864932547
413,1.0059197513718208,252.223045096
415,1.0054195132770616,252.711833099
417,1.0051802322181203,249.426921014
411,1.0053344950242187,250.788511881
412,1.0046718624450144,235.689549202
410,1.0060952817057764,224.827796555
415,1.0061042040800372,228.062214581
- physical 90_2
410,1.005911586723172,224.744981735
414,1.0050264754034157,227.801990196
413,1.006186418351239,225.124645401
413,1.0059197513718208,227.589730759
415,1.0054195132770616,227.352604258
417,1.0051802322181203,223.403934393
411,1.0053344950242187,228.470644766
412,1.0046718624450144,226.149074036
410,1.0060952817057764,222.070142587
415,1.0061042040800372,229.493345975
- physical 90_3
410,1.005911586723172,224.977510156
414,1.0050264754034157,224.626443845
413,1.006186418351239,223.327560386
413,1.0059197513718208,226.652220616
415,1.0054195132770616,229.516148704
417,1.0051802322181203,226.55090148
411,1.0053344950242187,228.570406483
412,1.0046718624450144,223.107036411
410,1.0060952817057764,226.409412916
415,1.0061042040800372,228.051352735
- physical 90_4
410,1.005911586723172,227.187159463
414,1.0050264754034157,226.063399029
413,1.006186418351239,224.644204432
413,1.0059197513718208,227.437215004
415,1.0054195132770616,227.249856184
417,1.0051802322181203,227.978607305
411,1.0053344950242187,225.487459132
412,1.0046718624450144,222.47018997
410,1.0060952817057764,226.238715314
415,1.0061042040800372,225.787265688
- physical 90_5
410,1.005911586723172,223.073859534
414,1.0050264754034157,223.198155922
413,1.006186418351239,221.592067857
413,1.0059197513718208,225.58065252
415,1.0054195132770616,225.386165421
417,1.0051802322181203,224.178101916
411,1.0053344950242187,224.590943844
412,1.0046718624450144,223.489803819
410,1.0060952817057764,220.587474593
415,1.0061042040800372,225.564668815
- physical 90_6
410,1.005911586723172,222.513654556
414,1.0050264754034157,223.74069375
413,1.006186418351239,222.871120869
413,1.0059197513718208,226.618656486
415,1.0054195132770616,230.503723368
417,1.0051802322181203,225.550922762
411,1.0053344950242187,229.562600886
412,1.0046718624450144,224.035719475
410,1.0060952817057764,221.421003612
415,1.0061042040800372,227.564656217
- physical 90_7
410,1.005911586723172,223.115890625
414,1.0050264754034157,225.411230606
413,1.006186418351239,223.130818824
413,1.0059197513718208,225.530791294
415,1.0054195132770616,226.522079956
417,1.0051802322181203,224.855111051
411,1.0053344950242187,226.592690428
412,1.0046718624450144,224.400228396
410,1.0060952817057764,223.658601561
415,1.0061042040800372,225.072691157
- physical 90_8
410,1.005911586723172,221.734162662
414,1.0050264754034157,223.78320814
413,1.006186418351239,221.619739606
413,1.0059197513718208,224.569411691
415,1.0054195132770616,229.546333741
417,1.0051802322181203,227.67573454
411,1.0053344950242187,225.998456658
412,1.0046718624450144,222.244048412
410,1.0060952817057764,223.232125776
415,1.0061042040800372,226.964628361
- physical 90_9
410,1.005911586723172,223.707212679
414,1.0050264754034157,227.6431417750
413,1.006186418351239,225.719826603
413,1.0059197513718208,227.151249624
415,1.0054195132770616,227.605003065
417,1.0051802322181203,223.591467758
411,1.0053344950242187,227.630583787
412,1.0046718624450144,219.98529602
410,1.0060952817057764,227.406837219
415,1.0061042040800372,229.939555683
- physical 100_0
416,1.0044356635389835,282.257281967
421,1.004486862494047,283.129302705
424,1.0039362100648817,288.008704003
421,1.004368607425713,286.171130806
419,1.0053919981836128,281.554871007
419,1.004443119517846,281.224357087
419,1.0046484879136939,286.005214003
419,1.0047903881047393,280.311608445
416,1.0049626114771466,285.489152029
423,1.0051697357919729,284.284086536
- physical 100_1
416,1.0044356635389835,282.317538015
421,1.004486862494047,282.653004485
424,1.0039362100648817,288.413357411
421,1.004368607425713,281.673514517
419,1.0053919981836128,277.96715821
419,1.004443119517846,279.455407395
419,1.0046484879136939,285.003318612
419,1.0047903881047393,284.61163151
416,1.0049626114771466,284.167591017
423,1.0051697357919729,282.861792322
- physical 100_2
416,1.0044356635389835,279.717862449
421,1.004486862494047,283.273714009
424,1.0039362100648817,288.581080025
421,1.004368607425713,288.946039785
419,1.0053919981836128,281.721628843
419,1.004443119517846,277.992186564
419,1.0046484879136939,282.752330072
419,1.0047903881047393,283.172379894
416,1.0049626114771466,285.970666238
423,1.0051697357919729,284.272383343
- physical 100_3
416,1.0044356635389835,284.884800824
421,1.004486862494047,285.774817331
424,1.0039362100648817,284.971548406
421,1.004368607425713,285.023144458
419,1.0053919981836128,285.309551074
419,1.004443119517846,279.4620403
419,1.0046484879136939,282.226441009
419,1.0047903881047393,285.424871339
416,1.0049626114771466,284.779074512
423,1.0051697357919729,288.093529585
- physical 100_4
416,1.0044356635389835,271.713162953
421,1.004486862494047,274.464740961
424,1.0039362100648817,284.269832099
421,1.004368607425713,289.328774034
419,1.0053919981836128,285.353930092
419,1.004443119517846,283.314609881
419,1.0046484879136939,287.704664262
419,1.0047903881047393,287.733325621
416,1.0049626114771466,285.208120286
423,1.0051697357919729,301.458651303
- physical 100_5
416,1.0044356635389835,285.71739546
421,1.004486862494047,291.541508503
424,1.0039362100648817,296.404113738
421,1.004368607425713,291.499021994
419,1.0053919981836128,314.055030233
419,1.004443119517846,297.261365651
419,1.0046484879136939,268.139897794
419,1.0047903881047393,267.855328163
416,1.0049626114771466,271.302939609
423,1.0051697357919729,274.478268241
- physical 100_6
416,1.0044356635389835,269.947581275
421,1.004486862494047,275.931142092
424,1.0039362100648817,277.402560651
421,1.004368607425713,306.672791663
419,1.0053919981836128,316.11637652
419,1.004443119517846,318.811772712
419,1.0046484879136939,317.899965219
419,1.0047903881047393,319.327782672
416,1.0049626114771466,314.370069427
423,1.0051697357919729,290.825283924
- physical 100_7
416,1.0044356635389835,286.49483979
421,1.004486862494047,288.947406704
424,1.0039362100648817,291.343048794
421,1.004368607425713,290.624981487
419,1.0053919981836128,286.37110433
419,1.004443119517846,285.454699816
419,1.0046484879136939,290.279167497
419,1.0047903881047393,291.434297997
416,1.0049626114771466,289.794378655
423,1.0051697357919729,291.041913955
- physical 100_8
416,1.0044356635389835,287.840843129
421,1.004486862494047,289.49882976
424,1.0039362100648817,293.881544292
421,1.004368607425713,296.151464042
419,1.0053919981836128,287.10629257
419,1.004443119517846,287.81247551
419,1.0046484879136939,291.915726675
419,1.0047903881047393,292.474446448
416,1.0049626114771466,289.804280355
423,1.0051697357919729,293.195801545
- physical 100_9
416,1.0044356635389835,289.897880036
421,1.004486862494047,289.768812487
424,1.0039362100648817,294.033258282
421,1.004368607425713,295.046027523
419,1.0053919981836128,290.742549981
419,1.004443119517846,289.335264019
419,1.0046484879136939,290.473758628
419,1.0047903881047393,293.081216435
416,1.0049626114771466,291.460161295
423,1.0051697357919729,293.909236023
**************************** Variate BW in Complet graph 500 slices l=3  N=5
- bw -15
500,1.0074013757128661,193.755831991
499,1.005533697477664,214.98461853
500,1.0059275518109694,218.570329204
499,1.006759132729397,203.18737882
499,1.0067835538878445,204.158276236
499,1.0064507337875819,202.272691828
500,1.0059764355949001,203.514050306
499,1.0072662695483172,203.026070462
499,1.0056461918217507,203.614086572
499,1.0061351706283255,204.394613265
- bw -20
498,1.006126173308534,192.255163229
500,1.0051695261052314,191.073333723
499,1.00612417877547,193.381796767
498,1.006399781063685,192.834759282
499,1.0060781159527532,192.21742727
500,1.0059492982570963,192.470688533
499,1.0065214051288152,190.707530232
497,1.0059999280925285,193.03647079
498,1.006964247211782,191.595789743
498,1.0063020705688732,191.792035327
- bw -25
480,1.0068287483381198,186.362544875
486,1.006207808667617,186.216893863
484,1.006755933304766,186.785759934
491,1.0053743153509647,186.078617908
485,1.0057455644936173,188.255591236
481,1.0061073171129749,186.298081329
487,1.0055224729708154,185.916641742
489,1.0047060657239248,184.749394015
487,1.0036786884202773,187.712320892
488,1.0047499033375258,185.227758032
- bw -30
436,1.0062343931063549,183.142572854
428,1.0054386697139628,182.535911868
435,1.0056837030011194,182.389346051
429,1.0043935396202373,183.151741808
429,1.0061939611128694,181.447189517
434,1.004446488019825,182.901926762
425,1.0057192482897557,182.894070887
436,1.0041191881985776,183.676800128
434,1.0057038713752797,182.68314555
414,1.005000316239304,183.883351995
- bw -35
308,1.0058882304858194,182.616003711
316,1.0047991054985288,183.111679558
306,1.0065870011767692,181.804042957
313,1.0029140505680456,181.587503804
301,1.006200242461079,181.321216919
306,1.0055150587407953,180.812787448
298,1.0063980453881636,182.628464162
298,1.0037339942403858,182.311810381
314,1.005716482807837,182.213471125
321,1.0041697802437726,182.682981872
- bw -40
201,1.0051214122619387,179.324901845
188,1.005684046419257,182.304937473
185,1.0032367883395463,183.945016301
194,1.007542736389344,183.036079674
168,1.0073046034524944,180.982001253
189,1.0053063131910194,181.3177307
184,1.004222321438809,180.13548195
185,1.0085000835806164,182.391502019
195,1.0069008173782366,182.119447846
186,1.0042114552675323,183.54861803
***************** Variate CPU 
- cpu -15
487,1.0065689014322208,217.788143743
485,1.0059103380099854,217.898558455
486,1.0051036704055247,218.79756136
487,1.006371415296862,219.413415258
490,1.007540838822866,220.986865531
491,1.0066708277070051,219.790927403
489,1.0076299425948483,220.041629742
492,1.0062522065913337,219.135344478
488,1.006599433559524,218.960799705
489,1.0063309421289655,219.943902019
- cpu -20
482,1.0080437868374568,212.542571992
479,1.0067100490861038,212.640330428
476,1.0050094082173258,212.823986212
479,1.0068783690562497,213.14633552
476,1.0056195017764948,214.022899618
479,1.0059032714266292,213.017207304
478,1.00647249923596,213.198241294
478,1.0067973993343178,212.860322274
479,1.0072679240822613,212.452149457
478,1.0064432532998848,213.985919199
- cpu -25
459,1.0070614582351476,207.262812166
461,1.0071270042205396,205.656954865
463,1.0060657338007992,205.723216595
460,1.0064723135654887,206.019251974
464,1.0044038188321627,207.23715275
463,1.0067853990956006,207.092425154
466,1.0061655064027686,206.65693034
465,1.0042201137912559,208.069737243
461,1.0070098008332533,204.080872637
461,1.0050974984836294,206.17287718
- cpu -30
414,1.0057834790881277,186.740974231
414,1.0060370495492927,186.829679768
416,1.0062491062977807,185.66668692
415,1.0048150687611566,187.119262307
414,1.005276143827324,184.234545823
413,1.0075710014559451,186.777694867
415,1.0053608428240366,188.04863821
413,1.007581964638441,187.697143503
415,1.0049674162344133,185.960959777
415,1.005817577749236,185.433326899
- cpu -35
381,1.0052230524000585,176.532720085
383,1.005557327027217,175.949109441
387,1.0045489491938704,176.903310925
385,1.0054299230771988,175.953562717
387,1.0055508388007504,175.65068181
381,1.0064465053975864,174.60028888
382,1.0072675119796817,175.397868532
388,1.0061686777885446,175.422084045
380,1.0045190696769923,174.289573011
393,1.0069051978799737,175.903555931
- cpu -40
311,1.0057825676933791,152.994134574
307,1.0042473888365198,153.209238602
307,1.006635698512403,155.398477235
300,1.004207582097746,150.36630844
308,1.003687878063374,154.23816858
305,1.0045386595510406,151.863082361
313,1.0049320171522091,154.146291371
313,1.0052346062409419,154.352284101
308,1.004634705192905,153.342793321
315,1.0067642577168017,153.175813854
***************** Variate CPU & BW
- ressources -15
489,1.0054684195878878,189.259621082
491,1.0050610299200433,188.68604696
491,1.0068626187451004,187.912216608
491,1.005055746045009,188.399639223
491,1.0076073129758971,189.746348415
491,1.0061501610811534,189.285340579
491,1.0066144346540205,188.483958432
491,1.0068634435691222,190.275244796
492,1.0062263178362274,189.155788858
491,1.0069525272373296,181.75578429
- ressources -20
468,1.00386180031594,153.260480147
472,1.0059883244713523,151.752636014
469,1.007320793061654,151.866799069
469,1.0067186087758422,151.571794577
471,1.0065627171513143,151.544455866
469,1.0056621823016514,153.852384409
469,1.005885154310222,152.624991249
472,1.006283532829935,152.532774743
471,1.006809094695655,150.53230057
472,1.0050398952591122,151.064369406
- ressources -25
442,1.0062071128474879,137.670764251
444,1.0048814341453252,138.730382643
453,1.0047343767809291,139.254468011
450,1.004414719179215,138.991021049
449,1.0049784880597734,137.12516649
440,1.004243697905223,139.919018846
445,1.0049003161568217,138.691486563
453,1.005901119897559,138.712703749
453,1.0060444766656325,140.275757314
453,1.0060241863267236,140.647043682
- ressources -30
377,1.002766268145911,125.371201596
384,1.0053518065209346,126.117310254
383,1.001499332313947,125.939345912
378,1.003331693058855,124.922328291
381,1.0055474042883197,126.162538015
387,1.0044033265140335,125.609474724
383,1.0065737641189476,128.383683577
390,1.003308290031184,129.912309214
373,1.0040015384340084,125.714885138
383,1.0032711108402836,129.890212361
- ressources -35
293,1.0034430196714785,127.035078655
298,1.0036524295088962,121.683409501
296,1.0041683853365067,120.066441905
310,1.002980362074689,120.594644593
301,1.0028307292999563,120.280825161
286,1.001874639132547,120.586339454
301,1.0026633755012813,120.716213503
305,1.0057911986570913,117.651829815
315,1.0022778330472515,119.487536576
314,1.0028344517844163,120.609627964
- ressources -40
167,1.0026948029779084,117.060241844
162,1.0036956612299426,118.026758907
161,1.0042303579745462,116.639919873
171,1.0030828691978892,117.03118742
166,1.0031628489990294,116.13315945
171,1.0020763156525427,115.469225377
159,1.005131790601743,121.165611928
151,1.003820289839871,121.966215475
165,1.0050156776918469,110.595069
168,1.0027981348104549,109.2420639
